3.975402350636337845e-01,1.000097633008256048e+00
4.235761934633112125e-01,1.054543678378250693e+00
5.762250078243738027e-01,1.410452558359597486e+00
6.484399540620086055e-01,1.577762893842355796e+00
7.113056380604996232e-01,1.721787234831724689e+00
7.415932854909885741e-01,1.801075682645536524e+00
8.672979755861192075e-01,2.092134755927105516e+00
6.999945815538434202e-01,1.729600867498725547e+00
8.228733625018572750e-01,2.003430084627627839e+00
6.969561089627217543e-01,1.725084376490161331e+00
6.521889080416074513e-01,1.609913268692512833e+00
5.024724400396982649e-01,1.265161194105637765e+00
5.438427645225082374e-01,1.328844480329885336e+00
4.590422588769345613e-01,1.093522250308394561e+00
4.718762475545873469e-01,1.140602516167216640e+00
5.146974649120195089e-01,1.235548002889294894e+00
4.706867866440503367e-01,1.134646153936373469e+00
3.941479929729632126e-01,9.615070611157389147e-01
3.093253845061168517e-01,7.541693960890335502e-01
2.689899593580618586e-01,6.538099089757293259e-01
2.389476729452258141e-01,5.908944231634296607e-01
2.343738466508119567e-01,5.887264583081731617e-01
1.900143319801563258e-01,4.819348265879754845e-01
1.554394110665442974e-01,3.954361632500559831e-01
1.774667680578748130e-01,4.561275778872657671e-01
1.715483484923578383e-01,4.392693374355219338e-01
1.630553665474715752e-01,4.115903948420572833e-01
1.581959893989473009e-01,3.984283286875724972e-01
1.561484515138407414e-01,3.930319198895572685e-01
1.513723251738632036e-01,3.811788252597288484e-01
1.581551941857989307e-01,3.978880157191422295e-01
1.578997032147421986e-01,3.935119149906737279e-01
1.479869801670405105e-01,3.677824505716744685e-01
1.458277044940251010e-01,3.599649474724265219e-01
1.482070531185200601e-01,3.651415634366940166e-01
1.502049426586285208e-01,3.719829482405441756e-01
1.538819267187951090e-01,3.830854469995272904e-01
1.529161999507882841e-01,3.816707240480657348e-01
1.474090916221408309e-01,3.647825240171362893e-01
1.477724256366724775e-01,3.659942662807128544e-01
1.501858453972558793e-01,3.772203420073789171e-01
1.519967623229199205e-01,3.832026856721192365e-01
1.536096385145137577e-01,3.805046047451005053e-01
1.328611515777925745e-01,3.316374663161585357e-01
1.327141748407721367e-01,3.328617525452791104e-01
1.227361032678279534e-01,3.073472060802945882e-01
1.148794508449077489e-01,2.906243050796096239e-01
1.143393927934148041e-01,2.903948817385865744e-01
1.000969186095187619e-01,2.561182440807392435e-01
9.366054714618232691e-02,2.423122639381759813e-01
9.269109814838713546e-02,2.415584907281705107e-01
8.715021984596628413e-02,2.266352955785293222e-01
7.703635903116012873e-02,2.017407985528066605e-01
7.118105514861372551e-02,1.881736997743955753e-01
6.389850693483130339e-02,1.680066061138816014e-01
6.155857278648795700e-02,1.628545027784989441e-01
6.376728427147017320e-02,1.657277714172481764e-01
6.113737572546010940e-02,1.586944615177776075e-01
5.840819924515981004e-02,1.504998996052850646e-01
6.004720417286644324e-02,1.544740973764112124e-01
6.274246538546786323e-02,1.631801709264549538e-01
5.828793884284980131e-02,1.475551366174452372e-01
5.418398575815162876e-02,1.367941492478852994e-01
5.748492455417799490e-02,1.474036612764065557e-01
6.135300016974062909e-02,1.580891625101506215e-01
6.672828872009411993e-02,1.706567923272149512e-01
6.855852742439594305e-02,1.784387593627980440e-01
7.083445148480684017e-02,1.842634576084007381e-01
6.761691084654329609e-02,1.746105919236330684e-01
6.661861735125691741e-02,1.695876298540174298e-01
6.462948739601884207e-02,1.620831091679461600e-01
6.609366738578593969e-02,1.671227017101427070e-01
6.422173295190171383e-02,1.614719932012903814e-01
6.505594195877113795e-02,1.641404400014538634e-01
6.685557619159064602e-02,1.689214736503925895e-01
6.699564772828897619e-02,1.690944289670750778e-01
6.779608623855643001e-02,1.713461259004390724e-01
6.502678525141224186e-02,1.632712766550002970e-01
6.425000831103772070e-02,1.612748563920232414e-01
6.431167420568237314e-02,1.610929588107505583e-01
6.049729489335460564e-02,1.508018062008133764e-01
5.939409694748366136e-02,1.461626856479524839e-01
6.090463199707216169e-02,1.511218851551672515e-01
6.116444442633722084e-02,1.527521891190107006e-01
6.301306426824730689e-02,1.586832422974106260e-01
6.269612127378891564e-02,1.579419160956340717e-01
5.947681364775717072e-02,1.492544484271539074e-01
5.906054840829757374e-02,1.477244723192428499e-01
5.842629177935293461e-02,1.450863035689412273e-01
5.817653032494733700e-02,1.433865891514769231e-01
5.704154027602075655e-02,1.402947235137398663e-01
5.709803037287079774e-02,1.401910546462521445e-01
5.607252635706833077e-02,1.373981746688248406e-01
5.492996838055019121e-02,1.351272123074229448e-01
5.331768806029597157e-02,1.316554451485537069e-01
5.202892625678865596e-02,1.282848001836478513e-01
5.146563296782969560e-02,1.267850591122492154e-01
5.212327000960754325e-02,1.288174159943705765e-01
5.326183808042372902e-02,1.320374312095900504e-01
5.476983002549191959e-02,1.365420105841519405e-01
5.489300869969506586e-02,1.360246428963059195e-01
5.242580919168891851e-02,1.289162843874555320e-01
5.119621839580459910e-02,1.262804903388203559e-01
5.032194678604329924e-02,1.241143217061372456e-01
4.893187884811855265e-02,1.208610923881996840e-01
4.833328765688579831e-02,1.188146043227595872e-01
4.626644687902564668e-02,1.140105262285881771e-01
4.708248715861433620e-02,1.161789547745981782e-01
4.705521123788124899e-02,1.164261182589374222e-01
4.774179917936607898e-02,1.189510814369021952e-01
4.686505988763556979e-02,1.168334592215282131e-01
4.622676875807628372e-02,1.152743981539892382e-01
4.541829294236330444e-02,1.125192876225268868e-01
4.384010364209554866e-02,1.082565658996878233e-01
4.388589262523116818e-02,1.086135532373397328e-01
4.291737282607997750e-02,1.063766355462205104e-01
4.215329618863768169e-02,1.042427919564948569e-01
4.225699589920074023e-02,1.045774375437686088e-01
4.282211546306043809e-02,1.065715610472594693e-01
4.373875164561004392e-02,1.093134625921413777e-01
4.473874478076666356e-02,1.121712784232082455e-01
4.417365009155274636e-02,1.104965010888415283e-01
4.424308643771115296e-02,1.105471179537688420e-01
4.427513728184977182e-02,1.103795486789410918e-01
4.438293837603955738e-02,1.109874103404226570e-01
4.378803345134804625e-02,1.098745590989929494e-01
4.257152555897624618e-02,1.066235857245816793e-01
4.341536635293766905e-02,1.085007607629765308e-01
4.387381205549117230e-02,1.094587015499884353e-01
4.394163231694969696e-02,1.096882394386040072e-01
