4.103806751141251818e-01,1.023088236557093689e+00
3.982581137677052019e-01,1.001437125075236745e+00
4.084061106671043606e-01,1.018093334185390608e+00
4.112558467497103298e-01,1.023291075656977300e+00
4.127697221115821935e-01,1.026228567282926107e+00
4.634600641729723081e-01,1.136065632543475257e+00
4.406266534716642980e-01,1.093724016813300004e+00
4.315838187514349777e-01,1.074181352198956274e+00
5.015733461911144886e-01,1.226920344856081035e+00
4.895123009191426067e-01,1.215313485033076901e+00
5.034764042666114436e-01,1.250789751392558546e+00
4.958115300252529112e-01,1.222082259838412233e+00
5.798613578764949539e-01,1.419389990418847614e+00
5.751963948844565078e-01,1.415487916198553409e+00
7.217299453159476963e-01,1.778504363514278985e+00
7.122167077644949718e-01,1.762474899095940906e+00
6.275253145343328010e-01,1.545439204897042229e+00
6.455614069758417450e-01,1.595725031434728214e+00
7.755657356006925296e-01,1.896510677544671397e+00
7.993751142361393836e-01,1.956142568432600815e+00
7.914783311055287873e-01,1.929098280412030242e+00
7.763927653794490125e-01,1.903389401885964283e+00
7.735252045393905540e-01,1.917009832703899797e+00
7.814929082628528922e-01,1.936724309211029338e+00
8.109325533960660692e-01,2.011907364816613697e+00
8.111681170528567408e-01,2.006244901373768208e+00
8.031363150711082755e-01,1.990407156470130889e+00
8.202861680366915209e-01,2.035095705618694240e+00
8.357063736195786685e-01,2.076332891448647189e+00
8.551879250674734312e-01,2.131803246032719201e+00
8.359692539642581410e-01,2.075381447842158611e+00
8.566315442183406459e-01,2.127672364118335935e+00
8.585526486539225566e-01,2.133142495695904195e+00
8.841052820889226949e-01,2.195356281741604132e+00
8.863407936657343722e-01,2.189468073928416025e+00
9.175317623148028234e-01,2.262520111715002447e+00
9.264484546825074718e-01,2.291128783032199134e+00
9.360322373907749016e-01,2.308196850454138360e+00
9.347666088579238419e-01,2.301753822229345214e+00
9.407092610111973396e-01,2.308889039908836427e+00
9.571192378410816604e-01,2.351660876969192238e+00
9.448223552080188270e-01,2.327269580807912241e+00
9.412528774688285749e-01,2.318676900210414171e+00
9.378819412727754656e-01,2.313087732561437626e+00
9.353633336417699340e-01,2.301629578593418213e+00
9.393711164840189420e-01,2.308830821408489609e+00
9.403268929389114739e-01,2.313634286228083869e+00
9.455824479364489665e-01,2.328541090601992547e+00
9.256406202783060699e-01,2.281486484015730287e+00
9.276267191224238928e-01,2.291331477998929778e+00
9.285857617303677758e-01,2.290006880085005747e+00
9.085806819942674473e-01,2.243912725777491346e+00
9.026515716358489705e-01,2.228293569091269521e+00
8.969090075482110125e-01,2.210897632845460148e+00
9.104212695153554025e-01,2.242154295185495805e+00
9.076197097426206284e-01,2.235679524380777661e+00
9.028293956436848067e-01,2.222644967831058249e+00
8.994048644696333028e-01,2.218306166722820105e+00
8.965878688049094825e-01,2.212696988357440553e+00
8.966310372534193052e-01,2.213213948546332244e+00
9.034931603274130030e-01,2.232345080427400319e+00
9.082198789709614584e-01,2.238141467297387610e+00
9.000733609519704359e-01,2.220232166290574405e+00
8.893667781331556776e-01,2.197524101466047597e+00
8.815439048049081849e-01,2.174981532534070006e+00
8.758939228871082117e-01,2.162123918620786789e+00
8.763601159824262465e-01,2.163792300299359539e+00
8.805789191336506061e-01,2.175686051182753378e+00
8.688742591751517086e-01,2.147176128164042019e+00
8.692437903980783087e-01,2.147852351453191755e+00
8.718005412754075145e-01,2.154927636116178213e+00
8.776285231293065037e-01,2.168140206236186973e+00
8.615175227148691439e-01,2.127175375333985041e+00
8.658692071187858996e-01,2.138731095193235454e+00
8.666116784199282552e-01,2.140374194442859146e+00
8.733525822684344853e-01,2.158041791292157008e+00
8.777836869626723937e-01,2.169277982911724578e+00
8.850391536025297157e-01,2.187029392607074296e+00
8.852680998940997137e-01,2.186989342361200794e+00
8.720210583952453520e-01,2.156847407363452263e+00
8.792124651815678149e-01,2.175918801530408064e+00
8.869299637534985292e-01,2.189835639949441859e+00
8.796512633600810371e-01,2.171415266968607316e+00
8.709699404522125432e-01,2.148905968317009751e+00
8.704211644349161281e-01,2.144388026236351052e+00
8.504480984433128166e-01,2.098206357843224179e+00
8.469451487672253753e-01,2.089296200902075906e+00
8.456718950230808218e-01,2.086061699048226803e+00
8.243444842297934505e-01,2.035843709859419537e+00
8.081371085035843338e-01,2.000919337171159995e+00
8.008352047556752673e-01,1.983027038847887225e+00
7.816133379869990572e-01,1.937454034750808241e+00
7.541674975632742806e-01,1.870851503336073307e+00
7.504772429214406904e-01,1.853964955148756477e+00
7.390250812812466652e-01,1.829426606956201740e+00
7.366120302264453912e-01,1.820570893156732817e+00
7.357207633174404071e-01,1.816785697127160537e+00
7.280256837857755903e-01,1.798653839134325194e+00
7.537737752502513544e-01,1.860060691922941656e+00
7.571263328632651390e-01,1.863026480763113168e+00
7.689424008516253517e-01,1.892997033217544756e+00
7.817010666095250970e-01,1.926635708949600012e+00
7.811442947707156748e-01,1.923261881925383721e+00
7.563274203748540092e-01,1.858026992362498797e+00
7.538316034740795146e-01,1.852566126359925347e+00
7.509301580357444772e-01,1.841397274214559454e+00
7.572382509032112852e-01,1.857026662070314194e+00
7.554684597034998506e-01,1.851936098944848119e+00
7.460683738620589311e-01,1.829440300654358920e+00
7.309960668660016037e-01,1.790227683147531446e+00
7.285996785264463593e-01,1.782718518623858328e+00
7.380685170327928590e-01,1.804772278734038560e+00
7.503819209628461717e-01,1.835081223532547989e+00
7.590914765556029398e-01,1.853620272636053556e+00
7.619937189682189915e-01,1.863245874118685030e+00
7.593106775936321329e-01,1.855724413056488942e+00
7.666878959033851526e-01,1.874639301904746702e+00
7.671955352184076649e-01,1.874047480065137217e+00
7.647546638375291028e-01,1.865387164328510483e+00
7.825405687452121617e-01,1.908583713227149037e+00
7.737752961272488239e-01,1.884379453204962473e+00
7.612179677524827381e-01,1.856316717539113759e+00
7.578407401299753765e-01,1.847249830873383347e+00
7.582505938892503128e-01,1.850091892783671810e+00
7.679382451977274648e-01,1.869907577328948634e+00
7.665978759988063551e-01,1.866775856996819583e+00
7.671020956797669488e-01,1.864137279043503348e+00
7.712990760913049915e-01,1.873151762916054563e+00
7.655129339479985751e-01,1.855530217473465138e+00
7.550260461827701386e-01,1.828909159100137849e+00
7.431599649988140932e-01,1.799554964879059638e+00
7.343021327949823540e-01,1.777361857195148387e+00
7.320700254122270989e-01,1.772281304061835927e+00
7.371376056048170033e-01,1.784198504260819274e+00
7.420277834068196299e-01,1.794407102760731565e+00
7.334255020188378271e-01,1.773811884251212057e+00
7.373936073156818205e-01,1.781819188680656474e+00
7.322495793441153866e-01,1.770324933678173895e+00
7.339177659310324175e-01,1.772574967505276211e+00
7.405740521730583836e-01,1.786876029906956154e+00
7.424242706584125440e-01,1.793419366913898028e+00
7.445470478980352746e-01,1.797729655799662485e+00
7.436410564275495183e-01,1.794029612784691530e+00
7.378442433517530263e-01,1.779202701514156493e+00
7.370972757746127035e-01,1.777219024356277544e+00
7.372416473844937146e-01,1.776832163381381724e+00
7.378610371825656822e-01,1.777627552417628598e+00
7.376475311905930088e-01,1.776835864460042602e+00
7.444282438152691750e-01,1.792937853315538232e+00
7.341883942333162771e-01,1.768144452170773206e+00
7.262124447723015130e-01,1.749983446705811518e+00
7.244837374429378141e-01,1.745240314039988805e+00
7.258438447256662096e-01,1.747440354891684144e+00
7.244772176396790941e-01,1.745533033297676617e+00
7.222878339961000815e-01,1.738900287152019164e+00
7.253744535390261872e-01,1.747475880483326360e+00
7.256475798409872668e-01,1.748363908881952478e+00
7.259192170685065948e-01,1.749197799133191289e+00
7.213157338364278859e-01,1.736726334218950951e+00
7.174602526258914148e-01,1.728040738547242938e+00
7.133230547465106985e-01,1.718278109206284876e+00
7.069160809612154983e-01,1.702848944703305945e+00
7.084638479257369115e-01,1.707088791791967264e+00
7.071205868264168748e-01,1.703967223136756193e+00
7.100673154006975629e-01,1.712385915801510894e+00
7.084790672100709230e-01,1.708819216411793462e+00
7.093250585316038803e-01,1.710179164800897711e+00
7.092011498931962699e-01,1.709688508160366549e+00
7.102696030850723652e-01,1.711507589589828404e+00
7.112398369447140434e-01,1.714383754237544188e+00
7.106339281873353952e-01,1.713078607546424159e+00
7.103247937941062906e-01,1.712273215271335358e+00
7.085125559408093077e-01,1.705076521928177158e+00
7.145545555486420009e-01,1.719162588160503491e+00
7.114257863648113522e-01,1.712531539510041334e+00
7.062214076417876463e-01,1.700687093157764895e+00
7.054622768917454545e-01,1.697831990228988452e+00
7.090756556526031096e-01,1.705850101680921993e+00
7.087587442916508662e-01,1.704458806627740408e+00
7.070577664263117956e-01,1.700806371430060748e+00
7.064225017790352057e-01,1.699014708088074199e+00
7.083495663307538548e-01,1.701613218846446562e+00
7.081502772116006206e-01,1.700839422783212873e+00
7.072367007807419670e-01,1.698590574204043691e+00
7.075947644011102433e-01,1.698654219069016813e+00
7.043836198602393406e-01,1.691029341132559871e+00
7.068782272474727346e-01,1.698085450005251795e+00
7.034959328493323172e-01,1.691028111788563715e+00
7.037054590807634291e-01,1.690730495119037391e+00
7.090518964960221826e-01,1.702701042906074047e+00
7.085314112889883331e-01,1.701244119980553915e+00
7.095563312590619232e-01,1.703449667750718044e+00
7.103388315052401314e-01,1.705537208220255119e+00
7.147517576125438366e-01,1.715374796074245367e+00
7.097050145250242137e-01,1.704436620661966995e+00
7.083845866317142193e-01,1.701282206617056314e+00
7.050771724935892548e-01,1.694179579857677753e+00
7.089968109267964502e-01,1.703828234244880280e+00
7.103805171961291576e-01,1.707362027153670470e+00
7.140517469223557345e-01,1.714780347739188304e+00
7.174891993431121717e-01,1.722473247457605661e+00
7.184349091560363609e-01,1.725029164346639110e+00
7.178225654975275427e-01,1.723793680082005952e+00
7.182275460510985088e-01,1.724984586416424825e+00
7.192378724765762232e-01,1.727693924734915232e+00
7.236308042949379793e-01,1.738279327937756413e+00
7.200308327078984716e-01,1.730952227007821032e+00
7.210848436711814191e-01,1.733540319679915287e+00
7.214197663331307631e-01,1.734149410251422552e+00
