4.148565832017980792e-01,1.761692313625752515e+00
3.998803237025204127e-01,1.738829120669082684e+00
4.351685423186396062e-01,1.860902790543571328e+00
4.239706140093980613e-01,1.819403616174929406e+00
3.899750450115120892e-01,1.677382453594034928e+00
4.656240860043771579e-01,2.001050868273863692e+00
4.451005247177156066e-01,1.923034979490561458e+00
4.723831337453450741e-01,2.015121746777656320e+00
3.966773280742800778e-01,1.726280055119427059e+00
4.257517060490362271e-01,1.871038364594452386e+00
5.200400661286915804e-01,2.321517231661984315e+00
4.754047718156994007e-01,2.033839322207721789e+00
4.534702736892048391e-01,1.954766351365431198e+00
4.192667569309460052e-01,1.828537139410882695e+00
4.192147130857973858e-01,1.827883477532186163e+00
4.649587424855323725e-01,2.032031099846860922e+00
5.142495401132629596e-01,2.267963694873873948e+00
5.376371974034664936e-01,2.379512513192118206e+00
5.373037394510321585e-01,2.372037807991203895e+00
5.591572080122453325e-01,2.470296364107056331e+00
5.541498400268627389e-01,2.458253803034755158e+00
5.608559490094435773e-01,2.495942989584091887e+00
5.743772302289144038e-01,2.562022146740788209e+00
5.878561754830958774e-01,2.626974274470803117e+00
5.966643534300830609e-01,2.667981981055854046e+00
5.898084477108314072e-01,2.635655336129807402e+00
5.832266631443794314e-01,2.601969029620872842e+00
5.719604990816519186e-01,2.551515500770385358e+00
5.576491532325974498e-01,2.487955417546321879e+00
5.591234499737079977e-01,2.492742077008873292e+00
5.538533982640335696e-01,2.472806660129750256e+00
5.423686250617516524e-01,2.422848482720083574e+00
5.334446003902206801e-01,2.380672235977884466e+00
5.179356549810056887e-01,2.310836789011305292e+00
5.059396527525600318e-01,2.258472717078011893e+00
4.992192993918087018e-01,2.228056009509275626e+00
4.820319188886345030e-01,2.147446492420834296e+00
4.796315317656907884e-01,2.135820205347958023e+00
4.835938941246891165e-01,2.155842625556358527e+00
4.907252438986352550e-01,2.185202434777399283e+00
4.920163357663935866e-01,2.190768428522017253e+00
4.885617726559573493e-01,2.175434247437493251e+00
4.868013117124153077e-01,2.169166149408032762e+00
4.786377295575018342e-01,2.128552094799698313e+00
4.761359096267864244e-01,2.114960074081446706e+00
4.678807690652545537e-01,2.075047167970812900e+00
4.641805469663086714e-01,2.057207883710210350e+00
4.637166011607993243e-01,2.055949864348709522e+00
4.665948627097081247e-01,2.068881337465267034e+00
4.661412546787930267e-01,2.068327624340063675e+00
4.639745416963472757e-01,2.057025252748450050e+00
4.638230302738413635e-01,2.057760124083610975e+00
4.617833365583864369e-01,2.050324418320490949e+00
4.641878803839996070e-01,2.061632084278854027e+00
4.731097751997495049e-01,2.101606325647897400e+00
4.801088333686174825e-01,2.134905915746607707e+00
4.871522134752442335e-01,2.166776899402178547e+00
4.942478050008102253e-01,2.198835983597296373e+00
4.993011990941272904e-01,2.221213916436454827e+00
5.023353488039982162e-01,2.235265195277253092e+00
4.981540578472062331e-01,2.217203323374956625e+00
4.984556552968357757e-01,2.219719300192506850e+00
4.931520790358620565e-01,2.196977830771275286e+00
4.885399897283231874e-01,2.175575221598834652e+00
4.861100421980654729e-01,2.164158263398626048e+00
4.833235055674705571e-01,2.151283479333439441e+00
4.804505233215957682e-01,2.138192123608326778e+00
4.754738367104820451e-01,2.115526318399791883e+00
4.696855388509267870e-01,2.088401554230002066e+00
4.654686711304898417e-01,2.068655854918172832e+00
4.586464847340988582e-01,2.036301777217045750e+00
4.492922427825715159e-01,1.991147562087821177e+00
4.437309493498926560e-01,1.964990165892436025e+00
4.420390555546575007e-01,1.955662167915008354e+00
4.429523920490891498e-01,1.957911995644136427e+00
4.419785655683352577e-01,1.952783723074732025e+00
4.402918727127463905e-01,1.944673263402933117e+00
4.402391754393919499e-01,1.944629044490171710e+00
4.384117849519978405e-01,1.935235485238751663e+00
4.382021146299976411e-01,1.933984598678313738e+00
4.410170164095185696e-01,1.946727209567538530e+00
4.400041934958815459e-01,1.941741074517298271e+00
4.419904835148623645e-01,1.950764265933979225e+00
4.402839072069631987e-01,1.942782053160903688e+00
4.374113867577926751e-01,1.930336650230827900e+00
4.371146489319697181e-01,1.928433905007507887e+00
4.362416553736602753e-01,1.923721931304740673e+00
4.345498440375502036e-01,1.916980447038164392e+00
4.352394849352633210e-01,1.920244647827352713e+00
4.339002788009471145e-01,1.914112785185293930e+00
4.349055257833595034e-01,1.918791008561820721e+00
4.345028294465925756e-01,1.916575592923821292e+00
4.318859184235185333e-01,1.904000413289015592e+00
4.310348635522409655e-01,1.899612615977514407e+00
4.298026755215254013e-01,1.893891544337607868e+00
4.296350480026286944e-01,1.893199643142524202e+00
4.282533106418248692e-01,1.886272773534899860e+00
4.270733651036470180e-01,1.880500965185159634e+00
4.271303948689491037e-01,1.880638581182528801e+00
4.262612723710060281e-01,1.876550069063710691e+00
4.253917858368530536e-01,1.872748832730837476e+00
4.259066039511658075e-01,1.874620859095481595e+00
4.252851384523242406e-01,1.871454555412362941e+00
4.235213075079481970e-01,1.862904253927703868e+00
4.228271065226774650e-01,1.859383585675147499e+00
4.214126907600657668e-01,1.852582665508849535e+00
4.208468127907162848e-01,1.849539282666022855e+00
4.209218810832312530e-01,1.849777111849695288e+00
4.179644586462655242e-01,1.835251941767776618e+00
4.170444167160305415e-01,1.830500822660544813e+00
4.160262197052785327e-01,1.825644995690032690e+00
4.153207288864517732e-01,1.822513281202368551e+00
4.135290397031441412e-01,1.814199964710466295e+00
4.128601069746671293e-01,1.811097739721969413e+00
4.107469332289565012e-01,1.801454918907449798e+00
4.094296596778662090e-01,1.794846760123646190e+00
4.087371534439451781e-01,1.791731852559705906e+00
4.073270768216684656e-01,1.784965905401154851e+00
4.060464281075324977e-01,1.779157262979528697e+00
4.045152164005980655e-01,1.772100278951388885e+00
4.012883863980267751e-01,1.757013249263121635e+00
3.975167179910663595e-01,1.739065890675161485e+00
3.922303901971616047e-01,1.714179362773548654e+00
3.906132697214931837e-01,1.706245162947878313e+00
3.877358709443934348e-01,1.692446946236589644e+00
3.857742379403437116e-01,1.683455359819887365e+00
3.828004062256379902e-01,1.669274416614186185e+00
3.817957951342829670e-01,1.664317931539230244e+00
3.792238258616787427e-01,1.651703853766474772e+00
3.791147301104208500e-01,1.651042682702088760e+00
3.765128008599614162e-01,1.638779675460866780e+00
3.746101618245959997e-01,1.629859889799503581e+00
3.746735555577834220e-01,1.629625026029730916e+00
3.737821750991003888e-01,1.625087406821311031e+00
3.728237694219276310e-01,1.620492810016836316e+00
3.701327979832048087e-01,1.607687895494086749e+00
3.667323176204173030e-01,1.591676091030394868e+00
3.643199608499222419e-01,1.580615335763459361e+00
3.621804474659979789e-01,1.570586726860517146e+00
3.592385722588544161e-01,1.557286425636295712e+00
3.583065834871630440e-01,1.553288250984302454e+00
3.569379011923344835e-01,1.547040118492340133e+00
3.551662263351213489e-01,1.539028059623981148e+00
3.551021987747272068e-01,1.538617090897842932e+00
3.552396057191143375e-01,1.539920370314944442e+00
3.554698116106326244e-01,1.541472827714802651e+00
3.544509519737130132e-01,1.537752286579022298e+00
3.544289813948922063e-01,1.538180294825281846e+00
3.529265163014013162e-01,1.531725327117257063e+00
3.524190806977416934e-01,1.529439271323206562e+00
3.513391142395221323e-01,1.524345249483615383e+00
3.520389926604077235e-01,1.527306583778440308e+00
3.524484425275961619e-01,1.529098697496388271e+00
3.518672007396307921e-01,1.526171566059762785e+00
3.507179642141038389e-01,1.520555416851790742e+00
3.499980945555384859e-01,1.517385528021184093e+00
3.500024335233391515e-01,1.517329899885518474e+00
3.513872387874551473e-01,1.523601586873042590e+00
3.511654669657893191e-01,1.522943618929719634e+00
3.521649087076048623e-01,1.527631004761240696e+00
3.529624242491329889e-01,1.531442022192756713e+00
3.530384303779652289e-01,1.531712949446196514e+00
3.532097500581760086e-01,1.532741348519324420e+00
3.533580881978804489e-01,1.533351118236857324e+00
3.530312879308583063e-01,1.531546580895517984e+00
3.544490225189598775e-01,1.538214101944176626e+00
3.551852237725001138e-01,1.541811467419106796e+00
3.556985394482090612e-01,1.543905508244219904e+00
3.556031742511535643e-01,1.543516027980667893e+00
3.569155242107824311e-01,1.549856685200535322e+00
3.578374569861695331e-01,1.554410533986535281e+00
3.587056874270381224e-01,1.558943832523962403e+00
3.600335226546063083e-01,1.565248576419032922e+00
3.607654626542965981e-01,1.568599163799392127e+00
3.609353276797481191e-01,1.569599153962875082e+00
3.615213583164874622e-01,1.572826307238170962e+00
3.614143109770112106e-01,1.572354693292593142e+00
3.614185446889597864e-01,1.572533076511444694e+00
3.615843527420723458e-01,1.573287940339089808e+00
3.620663696136979803e-01,1.575513038340796479e+00
3.619235954510235387e-01,1.574804860508277615e+00
3.621408881560014836e-01,1.576091749765398786e+00
3.617201433469707239e-01,1.574135984665076426e+00
3.613965738896595115e-01,1.572449281634321627e+00
3.606603492120140642e-01,1.569258190613109560e+00
3.599356548066486861e-01,1.565471417745504024e+00
3.593751854455962125e-01,1.562545207472190167e+00
3.580421797309354393e-01,1.556263534121761216e+00
3.568042770859886637e-01,1.550320669537357032e+00
3.553022481444145231e-01,1.543141073607966707e+00
3.552778280960451895e-01,1.543127689818249104e+00
3.552555531897113039e-01,1.542785604664240307e+00
3.542898708195217350e-01,1.537907491628615286e+00
3.536451594324730441e-01,1.534748301251188884e+00
3.536192098677710671e-01,1.534107769327991644e+00
3.521632710627349283e-01,1.527756319170922694e+00
3.504401968490337138e-01,1.519893901270295444e+00
3.500669965522551497e-01,1.518208953868844802e+00
3.484836314039082561e-01,1.510958125522091189e+00
3.465848639086145377e-01,1.502667178557439476e+00
3.457012205151397399e-01,1.498509990794554270e+00
3.438110933261032121e-01,1.490090529421088217e+00
3.437841077511539778e-01,1.489886342683776510e+00
3.419444684893189756e-01,1.481838537201506600e+00
3.418599038692891057e-01,1.480949300643456201e+00
3.419286831087975376e-01,1.481172186685327574e+00
3.419397725152511502e-01,1.481295104892805803e+00
3.411460687340521214e-01,1.478072291593784504e+00
3.415515202567535047e-01,1.480008566963327610e+00
3.423647289400472693e-01,1.483582698143453449e+00
3.420522644084714736e-01,1.481900705612337221e+00
3.415668017748914043e-01,1.479478047608326241e+00
3.405848714553540990e-01,1.474971058703754778e+00
3.402365546650688577e-01,1.473483595950225045e+00
3.396298368564815151e-01,1.470824827412908764e+00
3.397926790146360010e-01,1.471706399823092148e+00
3.394165269496347004e-01,1.469771690013422782e+00
3.391451859381222067e-01,1.468416432488531376e+00
3.390329263963317574e-01,1.468017257270147757e+00
3.387312960575952769e-01,1.466732920682124242e+00
3.384931730209534972e-01,1.465701356587417958e+00
3.383902587699192943e-01,1.465567663340370030e+00
3.381430329211477792e-01,1.464622653287132481e+00
3.380805528437861307e-01,1.464271318274756650e+00
3.377977371453015909e-01,1.462992233938321673e+00
3.379059667320749583e-01,1.463430397776559255e+00
3.383428498892971925e-01,1.465448505159577142e+00
3.380978163187677299e-01,1.464237794284571015e+00
3.375906738441589172e-01,1.461961844527229104e+00
3.373819210320654349e-01,1.460961341084812570e+00
3.370760914340318326e-01,1.459732285633507987e+00
3.369011653314127330e-01,1.459032723922551122e+00
3.367156279780508799e-01,1.458320694493653757e+00
3.362206105582301596e-01,1.456201735016448451e+00
3.361818429124118768e-01,1.455949838530886220e+00
3.363174739003138569e-01,1.456420628595631594e+00
3.361519053236448618e-01,1.455778684409814394e+00
3.357656026963792284e-01,1.454096868045446023e+00
3.356675989778142855e-01,1.453730657904429791e+00
3.363795275852213273e-01,1.456670353632095516e+00
3.368457117832860948e-01,1.458810237233005180e+00
3.369613301306161324e-01,1.459405611132349012e+00
3.363127715890368297e-01,1.456521794291946614e+00
3.361078458329694318e-01,1.455524834843729298e+00
3.360051282382770510e-01,1.455113839837667289e+00
3.359561857868459400e-01,1.454966172827460991e+00
3.360092728615453606e-01,1.455338938172363150e+00
3.355402372403855638e-01,1.453546779469001349e+00
3.352815621968159854e-01,1.452515757786236650e+00
3.352032525560467158e-01,1.452096635424211080e+00
3.350686308234394062e-01,1.451491424679721920e+00
3.350558076257635909e-01,1.451441745216306645e+00
3.348784676748055578e-01,1.450818073652754059e+00
3.349464659210710238e-01,1.451122720463491333e+00
3.351358058006444485e-01,1.452049775405620746e+00
3.352322701310572195e-01,1.452448546284446529e+00
3.356071156537909772e-01,1.454367867288707483e+00
3.353306213988884177e-01,1.453203570838380809e+00
3.348790764142381970e-01,1.451246193443028520e+00
3.344696988184811537e-01,1.449517483256918204e+00
3.341863302119011947e-01,1.448509624235729820e+00
3.339358608271381090e-01,1.447427052392982860e+00
3.337134851063582874e-01,1.446293378796138063e+00
3.334059903252786228e-01,1.444950006387015984e+00
3.331190209192143592e-01,1.443756987776485090e+00
3.330800447370961814e-01,1.443646497274595042e+00
3.324208318267694029e-01,1.440772966401691502e+00
3.324135960426240488e-01,1.440893312911557311e+00
3.325501726717888240e-01,1.441579015592098223e+00
3.329628834288742012e-01,1.443309602481001042e+00
3.327832282280515641e-01,1.442444066037908756e+00
3.325366527352300872e-01,1.441159332437753404e+00
3.319402974256593919e-01,1.438502982515986517e+00
3.317761113011465368e-01,1.437847839189031696e+00
3.317777740611445592e-01,1.437934617683892080e+00
3.320408254792013847e-01,1.439207101002248024e+00
3.321214475659941545e-01,1.439529477239018584e+00
3.316528936541129347e-01,1.437626513838342834e+00
3.316031044759618074e-01,1.437518804909756254e+00
3.309737783078429696e-01,1.434850905844522018e+00
3.305061895039255737e-01,1.432906158047075440e+00
3.301535683640602903e-01,1.431675988441967418e+00
3.302376954240876517e-01,1.432058839530043981e+00
3.301943615766717022e-01,1.431919889063060669e+00
3.301018194624597557e-01,1.431531108004820307e+00
3.301673737494474348e-01,1.431907720341866197e+00
3.301546768165049550e-01,1.432008259113390691e+00
3.299230138640372734e-01,1.431094495084108909e+00
3.298451765711831185e-01,1.430651872610854802e+00
3.295979937998517184e-01,1.429517584497876248e+00
3.297499447486363922e-01,1.430044075907212386e+00
3.295156647700807628e-01,1.429154030056056124e+00
3.291481202627819513e-01,1.427572469046931802e+00
3.289809288378656160e-01,1.426955680841923035e+00
3.288989498924110300e-01,1.426566406103639384e+00
3.291494687060248503e-01,1.427516957685233345e+00
3.292339403328272129e-01,1.427828214170630883e+00
3.294099470090460224e-01,1.428674990097022368e+00
3.294779788680932686e-01,1.428899432579508355e+00
3.293259856835148991e-01,1.428231665342445833e+00
3.293651585307937890e-01,1.428257617794909340e+00
3.294259446583113204e-01,1.428557323975751192e+00
