4.002991576678139873e-01,1.004135841421331499e+00
3.795328529607939205e-01,9.287253526863320507e-01
5.042677150706392775e-01,1.239929677442485723e+00
5.298358913768005385e-01,1.308793502237496797e+00
5.314374568323171344e-01,1.316368158246793429e+00
6.175470396255614558e-01,1.590633993563243864e+00
8.429452331520317365e-01,2.145069212186301311e+00
1.046017295157851912e+00,2.564663950449465268e+00
9.395314709516955354e-01,2.287103316923486229e+00
8.517455323565427117e-01,2.076182288664073727e+00
8.305770419332318966e-01,2.029414525506411771e+00
8.769591674978338691e-01,2.131607957536858944e+00
7.630690507447085436e-01,1.816986979543213865e+00
6.732831327911988906e-01,1.567966476277316445e+00
7.009950555686244034e-01,1.645271425222776029e+00
8.174806894475372676e-01,1.937033154192263851e+00
8.047872607340411655e-01,1.903834855951600735e+00
7.742580750220883212e-01,1.833428877162375459e+00
8.114702320302791261e-01,1.921067725564297834e+00
8.560402736537052748e-01,2.020269145885106088e+00
8.448825763858800464e-01,1.994613550524369394e+00
8.498093285598020685e-01,2.010772435728037877e+00
8.377260880904073836e-01,1.984046747076753325e+00
8.501184696011890862e-01,2.013149831255747202e+00
8.470033244671920647e-01,2.009272111988320564e+00
8.603317985715546179e-01,2.041466067502226700e+00
8.777857344385149307e-01,2.083239030739476139e+00
8.937292775677214696e-01,2.117571539688761550e+00
8.639773888055598539e-01,2.047798959222451032e+00
8.510502348896464841e-01,2.019725897083363808e+00
8.371263362167308264e-01,1.987788829911666610e+00
8.423765213855142209e-01,1.999688716718348358e+00
8.505310599635859115e-01,2.019452648593352606e+00
8.174266071180245063e-01,1.944427035517438895e+00
8.334422677227417697e-01,1.988418998325555576e+00
8.269125684868031678e-01,1.980529013342635869e+00
8.369075058964899894e-01,2.002579621039367819e+00
8.268256395814372883e-01,1.977404213754998308e+00
8.136086777862188146e-01,1.950575329174744965e+00
8.076212017793198417e-01,1.933320568270780138e+00
8.117168258911269252e-01,1.940969032562666730e+00
8.273358387612548270e-01,1.979339877038659212e+00
8.210498216050902132e-01,1.965619302413930347e+00
8.205538811784881537e-01,1.964743674071693258e+00
8.181236601545217590e-01,1.961265184752674307e+00
8.257386544831423203e-01,1.978180681542110797e+00
8.059226786685436128e-01,1.933228783947134044e+00
7.969098747397284077e-01,1.916745417472827118e+00
7.925216634211635913e-01,1.905351821302381010e+00
7.962821550130056991e-01,1.910464085167822956e+00
7.783895651783128145e-01,1.869487260526639716e+00
7.778245673791319703e-01,1.867831273711245910e+00
7.914496557492782802e-01,1.900623243998932344e+00
7.920010599667967055e-01,1.898636309933137145e+00
7.720771593456692283e-01,1.847547624523007137e+00
7.545073323558522116e-01,1.810466591627679200e+00
7.471376871252282115e-01,1.793059759761418404e+00
7.497486232515828686e-01,1.800849866128128918e+00
7.305745410809870721e-01,1.756449558072410655e+00
7.134267198307806535e-01,1.714842706046669329e+00
7.184028189943244547e-01,1.725014858587655020e+00
6.964362613740338048e-01,1.680759010144103227e+00
6.690997104160779640e-01,1.618088345378072113e+00
6.731352146480737986e-01,1.626538760002896877e+00
6.817716434913931867e-01,1.648709840787605740e+00
6.476246537615584220e-01,1.573970032890423143e+00
5.996471309344189038e-01,1.456742507602971415e+00
3.969098381013957400e-01,9.827649869390394644e-01
3.756201112410090248e-01,9.208470543401809927e-01
3.964872089848759940e-01,9.677004470748610254e-01
3.955491915387087665e-01,9.673835245023620910e-01
3.754982707449394663e-01,9.152843216925405923e-01
3.686157121226030231e-01,8.977135946378450582e-01
3.257084342532629573e-01,8.023320774531574884e-01
3.265580842702067721e-01,8.079729114347652397e-01
3.027517709261559609e-01,7.488305970282526092e-01
3.115365800205570634e-01,7.648398627528465443e-01
3.227572072130028835e-01,7.910716401812502019e-01
3.073785092462317237e-01,7.545890211585462026e-01
3.028483691278033296e-01,7.447329097792984021e-01
2.918451193938633170e-01,7.174171219855763892e-01
2.525855998745987763e-01,6.292618074491126423e-01
2.257835327253042979e-01,5.634794767916512237e-01
2.056862266453101384e-01,5.191565716197765745e-01
1.873410155607657113e-01,4.710319078046178443e-01
1.836802474986513889e-01,4.643056045940466281e-01
1.869532008406127321e-01,4.763442166824762292e-01
1.907793563809609128e-01,4.821235470689451130e-01
1.815524187979986326e-01,4.594050309068564708e-01
1.746406934536314237e-01,4.416438519937539442e-01
1.578646475655729187e-01,3.971849042657237261e-01
1.584957025993055657e-01,3.942909480216207352e-01
1.644584767289213323e-01,4.015120399012703234e-01
1.569319724332841337e-01,3.860486541704647445e-01
1.511378978477330715e-01,3.683653718414384159e-01
1.338994196409520332e-01,3.286666235630713584e-01
1.260468982287821227e-01,3.108498367122937700e-01
1.158717602116204198e-01,2.884769973554792144e-01
1.173861923378056588e-01,2.924202427052556286e-01
1.164493645597493438e-01,2.909181428205568909e-01
1.115780601896116386e-01,2.775005033659760367e-01
1.145992321315757179e-01,2.841284124354365725e-01
1.080400611860914684e-01,2.718292002008337316e-01
1.157834453951784998e-01,2.948271468684403596e-01
1.050460213534807341e-01,2.689866272147266035e-01
1.135261745619321749e-01,2.894348549870195964e-01
1.135961822391270970e-01,2.897932359516484091e-01
1.111915283480944261e-01,2.823383416148625980e-01
1.204976885664384156e-01,3.013984403064297601e-01
1.212431801999527547e-01,3.034809342306755697e-01
1.250411353360227629e-01,3.081709528642187501e-01
1.193862808272683623e-01,2.925306720838540819e-01
1.189329656119372663e-01,2.881504113364948272e-01
1.066768661660984913e-01,2.589368749481955612e-01
1.108480662355591506e-01,2.671126028391934693e-01
1.087293519546553844e-01,2.598279000569196917e-01
1.042883895866889982e-01,2.471901748033582258e-01
1.029824473912198113e-01,2.456255129278133720e-01
1.222119667679269217e-01,2.910793356068219762e-01
1.145922526540186087e-01,2.736087469685715146e-01
1.137708689480439045e-01,2.719757911183253718e-01
1.210780216364117645e-01,2.904522835201436837e-01
1.189388607047839469e-01,2.869298727606749977e-01
1.223728313939519002e-01,2.949894047187996415e-01
1.261062715662509826e-01,3.037161304766397563e-01
1.241188464229091709e-01,2.986587494441838575e-01
1.215708650498266707e-01,2.936412810439693044e-01
1.210325034351828616e-01,2.924048347682204341e-01
