1.062047671599629872e+00,3.798121171046073274e-01,6.453638538593106100e-01,1.047843464144002423e+00,4.397662538040107094e+00,2.187693885788703163e+00
9.492996372038109421e-01,2.457021945783075256e-01,4.677422291751587857e-01,9.397518483254264643e-01,2.943811363820839411e+00,1.605533077737751002e+00
9.026750560122747125e-01,2.044173223163454345e-01,4.112519847399137007e-01,8.956522514628342257e-01,2.450881393048201407e+00,1.404187363189634663e+00
8.365290257969228982e-01,1.632284643888461950e-01,3.947657123923453693e-01,8.350473885396200169e-01,1.968006371484420702e+00,1.318168259338875714e+00
7.394502820873865012e-01,1.131755221321196075e-01,3.647633879936235668e-01,7.448526866573718097e-01,1.385699132710463743e+00,1.200817444173703619e+00
3.448531284769366656e-01,1.007056021169697863e-01,3.166403595670463922e-01,3.520393939433617003e-01,1.236257713727221708e+00,1.032206705438225791e+00
3.460918189310355775e-01,1.029038891535807992e-01,3.186464071061986258e-01,3.508688491404051701e-01,1.250712853171240146e+00,1.036352491742731585e+00
3.472641532655049157e-01,1.036044722591429740e-01,3.177015589563049192e-01,3.516763719128446208e-01,1.261602660601968351e+00,1.034168272518567466e+00
3.470784688887163516e-01,1.039780016984370864e-01,3.174916329776671375e-01,3.510111198304988189e-01,1.265429228879326740e+00,1.033439770783197043e+00
3.481325042795512803e-01,1.038796419640367064e-01,3.175942663819109613e-01,3.512579952552594142e-01,1.264676291185031776e+00,1.033558800684955870e+00
3.482383141881068012e-01,1.037834547078283348e-01,3.175903321470481822e-01,3.511395078084976751e-01,1.264166062129876922e+00,1.033464170848872543e+00
3.480946147768705923e-01,1.038358464124369968e-01,3.175876015807919672e-01,3.507581480854162215e-01,1.263777094420072133e+00,1.033458673624759072e+00
3.484867976631842446e-01,1.036471974014255421e-01,3.174442690601439465e-01,3.507230093896568923e-01,1.261916933811511043e+00,1.033485051695612000e+00
3.482801943929227373e-01,1.039410113916756639e-01,3.174478382121188047e-01,3.503874579054417349e-01,1.265012224993161016e+00,1.033471918129650335e+00
3.488217572263901944e-01,1.045389079714955649e-01,3.178447954302257572e-01,3.507674682879924344e-01,1.271410851082993121e+00,1.034315841483828491e+00
3.485941147880894930e-01,1.042093971380792239e-01,3.178852166132529744e-01,3.504989578917374060e-01,1.268425932597310180e+00,1.034578805971949622e+00
3.486277417588174998e-01,1.042295654059885446e-01,3.179780071458875867e-01,3.503442401534033745e-01,1.268334959111723448e+00,1.035098563053316711e+00
3.488102208139285954e-01,1.040289460314133968e-01,3.178748006107220414e-01,3.504425664769413862e-01,1.267015607567516522e+00,1.034782746734004499e+00
3.485801670385636486e-01,1.041610023888042691e-01,3.176959392324573694e-01,3.503213160651127978e-01,1.267758562207891959e+00,1.034783507485004916e+00
3.487027096823702155e-01,1.036150972729533853e-01,3.176714772013322086e-01,3.505746606531341958e-01,1.261509833118191093e+00,1.034998634113098559e+00
3.485801865973865432e-01,1.040430388683486335e-01,3.178514237539937781e-01,3.502297399803329658e-01,1.265889369671229669e+00,1.035716347823664396e+00
3.489310725083214493e-01,1.038178900533751892e-01,3.181531874461469567e-01,3.504886160968379016e-01,1.263496646497158205e+00,1.036697698105672139e+00
3.486400688663918168e-01,1.043676212151615074e-01,3.176720334286958214e-01,3.502000973604356693e-01,1.270210991052102667e+00,1.035547107358373298e+00
3.484459280906460621e-01,1.044297498014424702e-01,3.180597037985433140e-01,3.499499369955059169e-01,1.270658020161490764e+00,1.036710208744457518e+00
3.486628155137488916e-01,1.043482601381634095e-01,3.186832969475668631e-01,3.498465278449620630e-01,1.270338449080490317e+00,1.038273276636197950e+00
3.487928707364513770e-01,1.043278798378544092e-01,3.185749221988183888e-01,3.501040028781456370e-01,1.269953506342791361e+00,1.038586196910667558e+00
3.487942824526942265e-01,1.045098929707865831e-01,3.190389777779195080e-01,3.499477844029073026e-01,1.271886471763826298e+00,1.039993096825703622e+00
3.490766676732410811e-01,1.040229749389558478e-01,3.190890372928516516e-01,3.502361741923745164e-01,1.265622653742054515e+00,1.040368507983324697e+00
3.489900515213469334e-01,1.045239407011220728e-01,3.197499798861869191e-01,3.503163776504777949e-01,1.270836979074669415e+00,1.042599359572432993e+00
3.489594928315508104e-01,1.043237372379621497e-01,3.203857251563669850e-01,3.501752170952866505e-01,1.268661520690408162e+00,1.044601691784855957e+00
3.489587375745731301e-01,1.045802731636875926e-01,3.207169658986808169e-01,3.503789640663715899e-01,1.271006103297032341e+00,1.045917078185365945e+00
3.488424531048109345e-01,1.043516102797275164e-01,3.214799707559008457e-01,3.502801548342351357e-01,1.267929830538410130e+00,1.048057534349817743e+00
3.490782645374918558e-01,1.044502708714557665e-01,3.218080304964423544e-01,3.505709750422361659e-01,1.268172217094453158e+00,1.048814148078613506e+00
3.492840551909424107e-01,1.045422832184917800e-01,3.219840504281833993e-01,3.505836727746105552e-01,1.268790169761108810e+00,1.049150594293764227e+00
3.490856732819312414e-01,1.046467720613010466e-01,3.216446771185871301e-01,3.503779500898165367e-01,1.270570687780669950e+00,1.048331591723978606e+00
3.494310429442912813e-01,1.045239729645353749e-01,3.220344568337445978e-01,3.505647747236238509e-01,1.269085991790314782e+00,1.049578023085293133e+00
3.499522279088009280e-01,1.043958477666447893e-01,3.224492546707052321e-01,3.510051238080222347e-01,1.267922709298697104e+00,1.050255481576815031e+00
3.496050303290632044e-01,1.045068948041707885e-01,3.225499764744351738e-01,3.505867566807496782e-01,1.268889314138385016e+00,1.050277511745133729e+00
3.499971161999386182e-01,1.038616950684693174e-01,3.229034824283487093e-01,3.510251242573022568e-01,1.260823087064308012e+00,1.050985940749441960e+00
3.502355187477244058e-01,1.037188742317120133e-01,3.231587808228332248e-01,3.511776042509463513e-01,1.259186590336767386e+00,1.051907859897867503e+00
3.501685629295939184e-01,1.036167266729506736e-01,3.231447158992332147e-01,3.509759216034909479e-01,1.259215230477832126e+00,1.051802920166092781e+00
3.502505711717094350e-01,1.036287309816280450e-01,3.231232797997112827e-01,3.510373588151278201e-01,1.259490482583733195e+00,1.051676089294046879e+00
3.502977328571911797e-01,1.038030675623393961e-01,3.231644686975381764e-01,3.508886359533811561e-01,1.261542940620988817e+00,1.051673436860162791e+00
3.504104239999419335e-01,1.036942930483807923e-01,3.229628461927496752e-01,3.509089119881469987e-01,1.259644942322000416e+00,1.051149896265708428e+00
3.504693928167870176e-01,1.036297266389123312e-01,3.229016783146248515e-01,3.509705491031179236e-01,1.259712291496262848e+00,1.050968234401925772e+00
3.502699813891096414e-01,1.036707116321644723e-01,3.232099850815751685e-01,3.507733932707101099e-01,1.259927317684775394e+00,1.051747284296968399e+00
3.504751141361537869e-01,1.035580868477704308e-01,3.230333593827995897e-01,3.508661830785594904e-01,1.258946656079232396e+00,1.051441856886346837e+00
3.504940267809252830e-01,1.035465271072443516e-01,3.232156952235228919e-01,3.509139795834743114e-01,1.259159954125338876e+00,1.051919046230277432e+00
3.507080781547743942e-01,1.034197593928988385e-01,3.232410733624869192e-01,3.511290357585009625e-01,1.257267887607195878e+00,1.052030233649065227e+00
3.507812564840233072e-01,1.035548309882583506e-01,3.233860380815433144e-01,3.511535999497102378e-01,1.258865901642083784e+00,1.052290606894176861e+00
3.508842103700384740e-01,1.035257792559984846e-01,3.234666465869715513e-01,3.511974859379275449e-01,1.258803080987186629e+00,1.052467734856005421e+00
3.509259477369855995e-01,1.035239800201362831e-01,3.233842219973790399e-01,3.513058052612918480e-01,1.258486202739420801e+00,1.052212244874768388e+00
3.510730950698124353e-01,1.033224110227389941e-01,3.235452502232900596e-01,3.514373997956459217e-01,1.256731588102192765e+00,1.052667998678061378e+00
3.508866780842219701e-01,1.033480078158856424e-01,3.234592660876378645e-01,3.513236791135712633e-01,1.256837597531148543e+00,1.052383767595800768e+00
3.510271641649556629e-01,1.035461193679399483e-01,3.235478532660100437e-01,3.514681534471921220e-01,1.259111842754301769e+00,1.052495948148034710e+00
3.508487847184128539e-01,1.036121770086304850e-01,3.236473715295039577e-01,3.511723032947642875e-01,1.259390004725989831e+00,1.052701514540557159e+00
3.508982460551794413e-01,1.035105768524898912e-01,3.237479380306762522e-01,3.511764104060142722e-01,1.258943274528951273e+00,1.052904154859984232e+00
3.509585491682819525e-01,1.035115912661578458e-01,3.236524799849674339e-01,3.511005519394339025e-01,1.258643697830933661e+00,1.052879295091014411e+00
3.511553398782503166e-01,1.034843661422293060e-01,3.237584396091912620e-01,3.512904340863837183e-01,1.258564182983891167e+00,1.053131672762338100e+00
3.510807127965903662e-01,1.034731091790741242e-01,3.235799109338388657e-01,3.511978780104773046e-01,1.258452921951230374e+00,1.052568210379507319e+00
3.512176844687786570e-01,1.035590299861173652e-01,3.237533054978741220e-01,3.513058362861700146e-01,1.259630109692207123e+00,1.053040104343689443e+00
3.512578142385044400e-01,1.035684994698116979e-01,3.237964875132931519e-01,3.512823012107738618e-01,1.259625175878266168e+00,1.053108304060091482e+00
3.513407185189597048e-01,1.034687672268022607e-01,3.235556680086769665e-01,3.513556640732061753e-01,1.258338035969047919e+00,1.052401620887891021e+00
3.512910146806391687e-01,1.034572454797501456e-01,3.238530518702176786e-01,3.512092014433403353e-01,1.258325363693729271e+00,1.053237948060046225e+00
3.513342930464481983e-01,1.036310670136902645e-01,3.238438321420439858e-01,3.513108813865672420e-01,1.259802939250391995e+00,1.053333518603407182e+00
3.512368446019285551e-01,1.034072407833104140e-01,3.237010356029397240e-01,3.511445385178366685e-01,1.257726711029869326e+00,1.052916181600136891e+00
3.511770960140983000e-01,1.036014562662301575e-01,3.236125678858056687e-01,3.511035452073710816e-01,1.259720512309357554e+00,1.052537537169513371e+00
3.509840412906168328e-01,1.035043469293428636e-01,3.237554075626750127e-01,3.509114565864507873e-01,1.258864210108348702e+00,1.052945307661262042e+00
3.510235506693535346e-01,1.034363049896803166e-01,3.237421390266181365e-01,3.510021807296624941e-01,1.258100090642228608e+00,1.052925423164042140e+00
3.509911924783338799e-01,1.033828627454848603e-01,3.238672790582622918e-01,3.508921587077736826e-01,1.257926368608225820e+00,1.053184438980722115e+00
3.511850852744693996e-01,1.035303316945678925e-01,3.236264617579829861e-01,3.510200101110613202e-01,1.258727694904145711e+00,1.052598218506087813e+00
3.512124965379394004e-01,1.033267768422033855e-01,3.236465340314690353e-01,3.512158111182147047e-01,1.256240320216052808e+00,1.052708478608857856e+00
3.511800379958267548e-01,1.034451446736692759e-01,3.237667133001704278e-01,3.511609322836416469e-01,1.257848645894292572e+00,1.052931530751316513e+00
3.511000054674837667e-01,1.035076847989669646e-01,3.239460489426356227e-01,3.509734794389490764e-01,1.258186804566070460e+00,1.053480172068488985e+00
3.511944092889269231e-01,1.035320751667468814e-01,3.238673351393095423e-01,3.511483558021600837e-01,1.258349944491628403e+00,1.053272620418314709e+00
3.513262633652327049e-01,1.035818269040979928e-01,3.237205920816163540e-01,3.512187228524403237e-01,1.258906939532069336e+00,1.052964778945697732e+00
3.512491937924887564e-01,1.035988935256404314e-01,3.236762214586064168e-01,3.511573440913416944e-01,1.258542012539158650e+00,1.052874451670138267e+00
3.512445646783975417e-01,1.036417319103651175e-01,3.235667803689762922e-01,3.511695763376538881e-01,1.258751683540183741e+00,1.052575994594288744e+00
3.512080835214117513e-01,1.037694252199984069e-01,3.236337418558137835e-01,3.510310229678474947e-01,1.260420279298976043e+00,1.052766524117426439e+00
3.513577712583986767e-01,1.036529729595536270e-01,3.236896399465759022e-01,3.512800350408817884e-01,1.259160402253488575e+00,1.052970612370947245e+00
3.513356205224266171e-01,1.036132472413700545e-01,3.236900429999369222e-01,3.512471607992532219e-01,1.258501388214785299e+00,1.052909527838493675e+00
3.511932538496961853e-01,1.036724130223620755e-01,3.234771167780290946e-01,3.511079265197444843e-01,1.259300391328731950e+00,1.052367488983509070e+00
3.510949242704375362e-01,1.035601294872092459e-01,3.233893145097253008e-01,3.510156143751684277e-01,1.257858271609717526e+00,1.052096566792489085e+00
3.512639554433069633e-01,1.037082527142856453e-01,3.234435735032344938e-01,3.511259497650847661e-01,1.259486236347436616e+00,1.052231119466390030e+00
3.513367574004718774e-01,1.037549083171013103e-01,3.234119979232161213e-01,3.512064682740609900e-01,1.259854815358147695e+00,1.052223534265802396e+00
3.512653346823673695e-01,1.038088368518087917e-01,3.234604908305220294e-01,3.511265879853227023e-01,1.260602800868537043e+00,1.052222057554379919e+00
3.512339895126561640e-01,1.038358558160918654e-01,3.235170820042603257e-01,3.510935346275690927e-01,1.260870769700777494e+00,1.052452190372037188e+00
3.513424468782088694e-01,1.038086822639688739e-01,3.233126894451402444e-01,3.511128814496893291e-01,1.260820690125791010e+00,1.052018659958617874e+00
3.512244582539609250e-01,1.038174046750346136e-01,3.232998168949214879e-01,3.509423961284556248e-01,1.260878646728751384e+00,1.051994792357313191e+00
3.512602176670327481e-01,1.038247311495186509e-01,3.233929752389405055e-01,3.511101176800802137e-01,1.260776693780884194e+00,1.052339569871812985e+00
3.511776015432148124e-01,1.039338605959095052e-01,3.234324384436749189e-01,3.510331252454647610e-01,1.262056104906519538e+00,1.052361368116401463e+00
3.511829130509985797e-01,1.040127014413246842e-01,3.233413111920743765e-01,3.511096535934976615e-01,1.262937029931106458e+00,1.052156186486417511e+00
3.512361083690865859e-01,1.039171170487446227e-01,3.234469766435083549e-01,3.511503433483841308e-01,1.261585714625406807e+00,1.052466623240708499e+00
3.511884873282731800e-01,1.038911872934264735e-01,3.234068318672242426e-01,3.510516286491220939e-01,1.261122095503792506e+00,1.052365554936982139e+00
3.511632621563250956e-01,1.038493713862587292e-01,3.233859097997520693e-01,3.510276117878251001e-01,1.261273420459898320e+00,1.052327255752517621e+00
3.511015051094278916e-01,1.037825203243555316e-01,3.234838729170127491e-01,3.509463989478399104e-01,1.260292301655157710e+00,1.052572590938219754e+00
3.511657466447642428e-01,1.037698576361482800e-01,3.235096825609344862e-01,3.509517016633846853e-01,1.260342331619167533e+00,1.052554323863723829e+00
3.511479905081041353e-01,1.037143354949586621e-01,3.237333993196650495e-01,3.509629595020702930e-01,1.259547353491734301e+00,1.053290941184837903e+00
3.511109553272953043e-01,1.038017088706481711e-01,3.237653227806254197e-01,3.510124766561871223e-01,1.260839586493746722e+00,1.053369612927887999e+00
3.510615504514395524e-01,1.037744734212870806e-01,3.234816586504660196e-01,3.508783124316228741e-01,1.260358019283450259e+00,1.052617011747971842e+00
3.509122454284620551e-01,1.040992541193561521e-01,3.236372513520498484e-01,3.508075593029542638e-01,1.264043755222344467e+00,1.052931154925981883e+00
3.509063711886070691e-01,1.038832136727465411e-01,3.237625538304798045e-01,3.508054853832252573e-01,1.261515201221210747e+00,1.053196422795601661e+00
3.509630149215229311e-01,1.038322889341823652e-01,3.238091649477825018e-01,3.508681502134038399e-01,1.260982872748352523e+00,1.053415547269247465e+00
3.510362182891331728e-01,1.039481266879584420e-01,3.236834919052037907e-01,3.509632222938784407e-01,1.262529702512988017e+00,1.053093803089123925e+00
3.509812152617282077e-01,1.039249580943306245e-01,3.235727515107491570e-01,3.507742600696110435e-01,1.262443375533947476e+00,1.052745400447645752e+00
3.509386445085985740e-01,1.039482562839048607e-01,3.234081365412976306e-01,3.508195920148733382e-01,1.262359413376656025e+00,1.052372849619264583e+00
3.510515183992664601e-01,1.039132960308614823e-01,3.236775424566515347e-01,3.508440964663015471e-01,1.261812360973982194e+00,1.053083076371517324e+00
3.509826280499695472e-01,1.038563532420325175e-01,3.238489505242718169e-01,3.507307858556833469e-01,1.261662418626417814e+00,1.053381475095695352e+00
3.510752753220827138e-01,1.041093857216259938e-01,3.237465588247863124e-01,3.507821917094727238e-01,1.264155754102143092e+00,1.053090404233506305e+00
3.511059400848872691e-01,1.041323581280406696e-01,3.238253922569491183e-01,3.509072540884657365e-01,1.264400978985132040e+00,1.053259872658840690e+00
3.511012256039509061e-01,1.041174901552699983e-01,3.237135730480199536e-01,3.509362711038304661e-01,1.264452285213438332e+00,1.053049363514233949e+00
3.510535796698624478e-01,1.041618515707842529e-01,3.240045502379135800e-01,3.507420561776755652e-01,1.264767684110477353e+00,1.053796503501684523e+00
3.510815421932921843e-01,1.043096598087035476e-01,3.238914563329977070e-01,3.507344655910528131e-01,1.266119272869095091e+00,1.053570521572422480e+00
3.512789257355003469e-01,1.042611549967070450e-01,3.239721867758753038e-01,3.508922837243694248e-01,1.266166620760033501e+00,1.053775769156825470e+00
3.511909503022009882e-01,1.041970516664107865e-01,3.238440775739215294e-01,3.509259380631820635e-01,1.265378400463807562e+00,1.053534222634644468e+00
3.512248693463064786e-01,1.041675583472589789e-01,3.241021300202129307e-01,3.509162483796324228e-01,1.264911992572079980e+00,1.054166709728077134e+00
3.512104866526994384e-01,1.042040623390149690e-01,3.239755560284374170e-01,3.508524123893275726e-01,1.265489445601407636e+00,1.053896503876737833e+00
3.512045320026859763e-01,1.043155633132845928e-01,3.239180053164575912e-01,3.507590733314362441e-01,1.266530635598108745e+00,1.053730235859113629e+00
3.511612850080002568e-01,1.042895500529598396e-01,3.238974279617542473e-01,3.507112175637870366e-01,1.266311672829972146e+00,1.053655746583036734e+00
3.512493934393314254e-01,1.042418425538032128e-01,3.237605692735370244e-01,3.507581761702334711e-01,1.265907935890732139e+00,1.053344354575576292e+00
3.512737088766947902e-01,1.042804894581716296e-01,3.237570542445834532e-01,3.508295168310471279e-01,1.266169050402397689e+00,1.053319768531706835e+00
3.512454557988710646e-01,1.042096809761942494e-01,3.238823342910464587e-01,3.508540804587997886e-01,1.265196950771040552e+00,1.053624995456616364e+00
