l1_absolute_error:  0.3790957632362073
l2_relative_error:   0.573466843464931
