l1_absolute_error:  0.00036920663121495055
l2_relative_error:   0.001087036991168462
