l1_absolute_error:  0.00044247135116721255
l2_relative_error:   0.0011279210468176505
