l1_absolute_error:  0.0013972504408250265
l2_relative_error:   0.0032580617029799265
