l1_absolute_error:  0.0033632943309081513
l2_relative_error:   0.007986066268682455
