l1_absolute_error:  0.0011908779599003655
l2_relative_error:   0.002734989715529471
