l1_absolute_error:  0.00019948796260562087
l2_relative_error:   0.0004954600731708019
