l1_absolute_error:  0.3808508988636888
l2_relative_error:   0.5753613291230522
