l1_absolute_error:  0.00010544454527635077
l2_relative_error:   0.00024912595550582214
