l1_absolute_error:  0.0035596196570583543
l2_relative_error:   0.009917176750782752
