l1_absolute_error:  0.005584994554627249
l2_relative_error:   0.0155717252706071
