l1_absolute_error:  0.3822146760245546
l2_relative_error:   0.5773164018739249
