l1_absolute_error:  0.00018968827932269082
l2_relative_error:   0.000463721378527508
