l1_absolute_error:  0.001396432481901754
l2_relative_error:   0.0036328677072666456
