l1_absolute_error:  0.5958437
l2_relative_error:   1.4668144
