l1_absolute_error:  0.34766771562649557
l2_relative_error:   1.5041409829522772
