l1_absolute_error:  1.0439886
l2_relative_error:   2.6074553
