l1_absolute_error:  0.6563497
l2_relative_error:   1.6514971
