l1_absolute_error:  0.3191005
l2_relative_error:   1.3876096
