l1_absolute_error:  0.31796656566814807
l2_relative_error:   1.3861700507637775
