l1_absolute_error:  0.39330912
l2_relative_error:   1.724785
