l1_absolute_error:  0.54800475
l2_relative_error:   1.3473436
