l1_absolute_error:  0.003029218797169581
l2_relative_error:   0.007479196481456461
