l1_absolute_error:  0.3279954
l2_relative_error:   1.4230225
