3.981999904209776453e-01,1.001078871218945787e+00
4.198117641253259480e-01,1.033859517768408232e+00
4.964515413901256502e-01,1.199400420580466031e+00
5.554368791635972968e-01,1.358911102473503441e+00
5.070398863684447699e-01,1.233968972948356280e+00
5.695412075676454799e-01,1.388410311615201120e+00
3.717497160432557401e-01,8.966271709533754075e-01
4.569942079909135590e-01,1.085750085690832423e+00
4.905844686184075987e-01,1.169582400733387262e+00
4.937558988564098583e-01,1.190834361374813133e+00
5.082541127013466831e-01,1.230267836207425525e+00
4.527687375173559126e-01,1.107675640110337367e+00
3.144920264832341550e-01,7.759507137705670132e-01
2.242249498018141773e-01,5.384487975082761224e-01
2.118436836811333213e-01,5.087491430141007909e-01
1.920837627364272437e-01,4.682799347279788527e-01
1.587005497329965209e-01,3.798519636614483552e-01
1.219609594891576804e-01,2.925088335227220560e-01
1.016406402432582790e-01,2.434437659741180704e-01
7.892079452846237353e-02,1.909651459509966176e-01
7.135856380131554155e-02,1.720585540301049210e-01
4.679995716835554792e-02,1.135507285545661604e-01
4.145326714749351937e-02,1.010305433233870259e-01
3.784897788177981476e-02,9.378324645277757998e-02
4.027555387603957981e-02,9.958020567493251762e-02
3.366831475314124161e-02,8.216374394803631354e-02
3.333697314947269008e-02,8.120852390389995956e-02
2.913295766680072327e-02,7.270847166025461161e-02
3.192430148367880055e-02,7.895692729532197141e-02
3.912888072143749785e-02,9.667463315889052167e-02
3.961673676400923744e-02,9.694469908518336954e-02
3.843149580473384508e-02,9.667165507289358917e-02
3.513884290722966985e-02,8.851879078924899946e-02
3.455233693094424824e-02,8.781839804858777854e-02
4.106274656362980668e-02,1.037571513541973717e-01
4.141893590390296337e-02,1.028746231260009580e-01
4.148898294978153184e-02,1.026960331441854612e-01
4.535702395968208706e-02,1.114493248032997624e-01
3.953892525433988503e-02,9.799509419764709794e-02
3.564366730222395113e-02,9.025369337361173472e-02
2.924167820264175419e-02,7.446954475715336641e-02
3.152039663935775338e-02,7.966192903787781832e-02
3.014387576816821013e-02,7.593954149463785774e-02
3.111524894634846994e-02,7.616198822128325552e-02
3.078569259978320219e-02,7.541056072631320550e-02
3.188807358295638050e-02,7.797161396290312740e-02
3.033182578934478374e-02,7.384973437866082513e-02
2.297872861378772932e-02,5.566773363048593132e-02
2.064876733375686085e-02,5.121369412894466455e-02
2.139469871536988851e-02,5.371701107882301957e-02
2.345543518271613406e-02,5.956245645677912814e-02
2.361698648803341530e-02,6.029547913656095603e-02
2.463921476715727130e-02,6.275551533973340590e-02
2.435629390503088465e-02,6.187751690976867752e-02
2.423994934057374998e-02,6.113688242378168686e-02
2.429513132960710656e-02,6.120233302318901086e-02
2.547046798056178118e-02,6.494910764663518188e-02
2.783281642241934237e-02,7.036929746265822849e-02
3.038940878701849868e-02,7.639589523265068183e-02
2.851324063229851782e-02,7.238776808273383878e-02
2.856844217825775870e-02,7.137916457892655442e-02
2.854832678581576549e-02,7.175623022923957595e-02
2.877114998193114337e-02,7.213691747257694464e-02
3.001923998434539997e-02,7.559908370240196740e-02
2.835421536087938052e-02,7.163114698250684642e-02
2.856030591718461062e-02,7.242599592007854803e-02
2.818199379043109104e-02,7.123750100532816321e-02
2.934222052655087107e-02,7.447328320837770521e-02
2.822045553927653161e-02,7.172222743064293748e-02
2.692398478570539808e-02,6.839100796634842161e-02
2.408091351502339439e-02,6.136485762742929784e-02
2.134417639511324710e-02,5.439895133128344606e-02
2.053780766387564710e-02,5.203991728357031110e-02
2.299147300261658589e-02,5.673153185796254300e-02
2.151254352106794776e-02,5.417103545448689883e-02
2.300164539204994918e-02,5.809597061892100150e-02
2.337612964481172728e-02,5.919314908968829197e-02
2.339248487786205200e-02,5.843096875400591306e-02
2.374654310378629049e-02,5.886004059845680036e-02
2.504086256833068860e-02,6.202355144916321672e-02
2.478926177803918857e-02,6.143458385004704758e-02
2.117978102139772556e-02,5.324327922179607209e-02
2.034226379353218719e-02,5.086831959010744419e-02
1.967777685188315182e-02,4.911636313892410455e-02
1.842145292510374496e-02,4.603927384584472621e-02
1.467247178913133956e-02,3.746530654206305794e-02
1.460328263211048416e-02,3.721051469640367093e-02
1.384260571671188690e-02,3.453529718762785028e-02
1.497514396896944440e-02,3.715352753070431946e-02
1.658007932809830998e-02,4.065068131961436376e-02
1.559828155328830783e-02,3.833772475788638223e-02
1.531220090610756548e-02,3.746876823673012114e-02
1.606223230217942305e-02,3.927029064626230692e-02
1.655554664946818494e-02,4.081794628174112427e-02
1.872997940599335082e-02,4.622111645303928623e-02
1.705313826768586893e-02,4.270594107613873147e-02
1.573603326928657564e-02,3.915247188898157704e-02
1.420013983318458781e-02,3.493298724248103393e-02
1.464775485721059659e-02,3.575089638354473492e-02
1.441750318448442765e-02,3.534926865519354144e-02
1.480770730210862786e-02,3.614067918079003766e-02
1.328326564570043306e-02,3.268416998821723624e-02
1.304305083398863384e-02,3.263618191702883503e-02
1.266602082420185439e-02,3.149456976845267653e-02
1.336341095312951373e-02,3.384003422896125768e-02
1.453011210447488662e-02,3.700357713539268595e-02
1.563201331277982303e-02,4.003574453289784896e-02
1.770634729453747849e-02,4.504014751019280727e-02
1.740930877165811075e-02,4.434797231711015003e-02
1.652524872000831965e-02,4.202846582355401761e-02
1.682007105532540292e-02,4.282497122677693391e-02
1.799302100981301292e-02,4.545431648126459223e-02
1.706364541044113822e-02,4.302002419632142832e-02
1.574694549110093600e-02,4.019770611255901738e-02
1.579777142000441531e-02,4.016441972256920567e-02
1.552260520266382331e-02,3.936132992180631923e-02
1.549544081547662988e-02,3.964295828364439167e-02
1.489827921600776241e-02,3.793305074095689594e-02
1.561775322945357231e-02,3.971805427678317540e-02
1.942546940623879337e-02,4.824419239196137132e-02
2.033713055760754188e-02,5.033453870837303890e-02
2.022649736309605970e-02,4.999502612566842502e-02
2.107415337799587243e-02,5.216676318250428740e-02
1.943197361435552301e-02,4.863156799493552340e-02
1.735160472565914352e-02,4.374978051509981203e-02
1.629013292213638692e-02,4.103256780161903400e-02
1.463505470652571097e-02,3.731524898684276254e-02
1.489860452533227353e-02,3.661873282669077245e-02
1.620711079063980042e-02,3.978431781309155896e-02
1.513963243723613974e-02,3.725585763708495757e-02
1.512354119724901129e-02,3.789331518576211782e-02
1.428720394414202156e-02,3.608439107888799374e-02
1.496162518766977825e-02,3.750586685670053572e-02
1.491501345521814743e-02,3.745200411492840414e-02
1.393675190302358022e-02,3.493162883960981846e-02
1.385115828000828275e-02,3.369207360814618218e-02
1.409412414662546999e-02,3.424863578818628657e-02
1.368450954493148110e-02,3.359429875405393201e-02
1.474973409759434799e-02,3.640104381832552638e-02
1.612947929081503737e-02,3.972364812000590134e-02
1.604633133770093020e-02,3.932768059252075149e-02
1.447057878845522429e-02,3.546392207894864118e-02
1.283071398575210721e-02,3.141637400059305030e-02
1.267298100142749684e-02,3.119320244694693753e-02
1.214031423877630356e-02,2.971231042637681452e-02
1.179424612109581175e-02,2.897845598729100608e-02
1.137884871576560694e-02,2.823451790357018459e-02
1.158259279777153032e-02,2.874187085852026105e-02
1.213902614137767066e-02,3.004832012969461258e-02
1.236054708807631658e-02,3.052925463183833038e-02
1.243688001233068594e-02,3.048862558244662055e-02
1.250410017644584294e-02,3.079746220529761339e-02
1.254417214327921588e-02,3.092403510621008489e-02
1.254013315083567573e-02,3.069894537472670631e-02
1.224256791456460047e-02,3.029959579058916566e-02
1.250458993575056382e-02,3.085927737041289573e-02
1.295426200036650134e-02,3.195332724660970847e-02
1.233140799915466261e-02,3.077857404281916440e-02
1.285005560624024983e-02,3.214783465121540118e-02
1.280313387812128181e-02,3.202347351134997300e-02
1.289608098708100101e-02,3.301051833448743339e-02
1.186305452486104139e-02,3.025941006963577679e-02
1.109346671803764992e-02,2.848766419750365861e-02
1.098659238640375437e-02,2.804986109325515245e-02
1.098061280476614679e-02,2.812716570398268723e-02
1.120491503774677898e-02,2.889447398115218071e-02
1.076672251778787101e-02,2.762381047123319694e-02
1.075275553932180522e-02,2.702219813341173379e-02
1.101047287397406357e-02,2.848503321625216189e-02
1.113571888131720602e-02,2.854903019764134728e-02
1.098229150145798791e-02,2.828337292650864865e-02
1.101671908059026483e-02,2.820019345159914190e-02
1.055342517365858747e-02,2.710585241384339331e-02
1.024323517401101377e-02,2.610928759297877211e-02
1.049941671322124868e-02,2.680707731884518844e-02
1.048977996430658019e-02,2.662829315924750834e-02
1.075232680528215475e-02,2.727305078478402603e-02
1.049663817121324234e-02,2.644851538543582792e-02
9.997945930971389658e-03,2.513305171778225724e-02
9.942779370609786463e-03,2.525294073976161804e-02
1.009911425595491977e-02,2.573479651094010695e-02
9.641310185983709494e-03,2.442164381151499739e-02
9.682616440660521753e-03,2.394300863772391708e-02
9.366548270102893758e-03,2.333125510018854709e-02
9.305686748603934563e-03,2.342481708265715945e-02
9.622006348114664487e-03,2.424447816170075681e-02
9.625484419936521444e-03,2.429133938703304657e-02
9.581751973640870515e-03,2.415360923220309999e-02
