5.015207944700954545e-01,1.066793365012035144e+00
4.992923013210776584e-01,1.063867934831493889e+00
3.700524157309589279e-01,7.800233653849132365e-01
2.257777121704904466e-01,4.631838645614297922e-01
1.671663391679759914e-01,3.723500104405473854e-01
1.253672546972990909e-01,2.866777393280453556e-01
8.213451822787252998e-02,1.683846126607840832e-01
3.256918323800845477e-02,7.319487037376959382e-02
2.878500263369286258e-02,6.228224466801002973e-02
2.254789382523058466e-02,5.190947205293693772e-02
2.233789185815928877e-02,5.319843011834070323e-02
2.072466506757873403e-02,4.776756424613939900e-02
1.962933586047355475e-02,4.587876505825563139e-02
1.612465652402741978e-02,4.031976432412486683e-02
1.514038198237424582e-02,3.953448152524698805e-02
1.496397178973253930e-02,3.994609098009790915e-02
1.479798485034543136e-02,3.989512391457612772e-02
1.488624888699860947e-02,3.960699301344988016e-02
1.430906297334855713e-02,3.901005314337565449e-02
1.452121242425702397e-02,3.906526881709504462e-02
1.409859712898323472e-02,3.820557332707177900e-02
1.432941117913038263e-02,3.790431342932772812e-02
1.417226253624110678e-02,3.720284822193114377e-02
1.431360453491072916e-02,3.671983493826982969e-02
1.314066282036078191e-02,3.404271404427872821e-02
1.241087112896433267e-02,3.327183854255173073e-02
1.236115554606204842e-02,3.300176755821429553e-02
1.243542818772369260e-02,3.262680087140447382e-02
1.206134365964502304e-02,3.253387100516319519e-02
1.211191490583945173e-02,3.252050154259215897e-02
1.224240582615554462e-02,3.277894952461744837e-02
1.226911174157154991e-02,3.228752955657365753e-02
1.208548109234144734e-02,3.186004163347401497e-02
1.204678334586557417e-02,3.183674228395576983e-02
1.193157741069139632e-02,3.184642650304009975e-02
1.235518022604246285e-02,3.225072233352601486e-02
1.271101365833219449e-02,3.252161795026799196e-02
1.212907388767843660e-02,3.148879933818998084e-02
1.173110934217704016e-02,3.133254284027205128e-02
1.141431259531242200e-02,3.107494865684642601e-02
1.122384174274441114e-02,3.097010351582630411e-02
1.108563239154010220e-02,3.051731572126678213e-02
1.145841761930137259e-02,3.091883525418410647e-02
1.171212201052179019e-02,3.108638371388620231e-02
1.089379385046105285e-02,2.998671157348088007e-02
1.159872069522105073e-02,3.029912398718356825e-02
1.131518198577904574e-02,3.007289265473756662e-02
1.117609010989724198e-02,3.030536617142338962e-02
1.106010541695233267e-02,3.004371976115571483e-02
1.063283325007143704e-02,2.952560914341395559e-02
1.066674545509390705e-02,2.918825801864022643e-02
1.061757611489452108e-02,2.905981232852596768e-02
1.131841914956463815e-02,2.958601071859529030e-02
1.082551582953292756e-02,2.935306392856839794e-02
1.132684497698722981e-02,2.979558137223637868e-02
1.090369630619230680e-02,2.920578325031314426e-02
1.077524460228044580e-02,2.882977556447197456e-02
1.116112596567663158e-02,2.918225485529636967e-02
1.097975741582331126e-02,2.869987087047110377e-02
1.124456177998380685e-02,2.859367820577916885e-02
1.066520727605291610e-02,2.814770583349510483e-02
1.076946851795819969e-02,2.837099567980861520e-02
1.119666569197078076e-02,2.834251560115627622e-02
1.088100015463530981e-02,2.808347772379137311e-02
1.081781759510614012e-02,2.841637778072239953e-02
1.062229856014957306e-02,2.799572782167987148e-02
1.106269351604939784e-02,2.842084016645435654e-02
1.045152945779588560e-02,2.785586007888809015e-02
1.080054259540222904e-02,2.771236466178312111e-02
1.023345460104937467e-02,2.735027736718383812e-02
1.039749692936505626e-02,2.732812843756831159e-02
1.048548316721133709e-02,2.690501410474180691e-02
1.046640388162019611e-02,2.703212592205240725e-02
1.035982986628801970e-02,2.678436623684263967e-02
1.028280365105205089e-02,2.695387467136978882e-02
1.031643975797985786e-02,2.678997822831737444e-02
1.019355639290397096e-02,2.670801151503839760e-02
1.011403851923727178e-02,2.668256345480166103e-02
1.004188251801147770e-02,2.643918886894368325e-02
1.012226289280514051e-02,2.636543404217315048e-02
9.899331840838814303e-03,2.609297520483819244e-02
1.030525432553481245e-02,2.645755630568471725e-02
1.030501129813293608e-02,2.623717888775487991e-02
9.901996525415712389e-03,2.591215652789449764e-02
9.318762560050234886e-03,2.536767222427917939e-02
9.477321469306888846e-03,2.545775882742539256e-02
9.505216880861474399e-03,2.531457313951433752e-02
9.382940667165591206e-03,2.509867551365416866e-02
9.455616303729832972e-03,2.495372075223390579e-02
9.596028534494491571e-03,2.511133948241681124e-02
9.451971989599338222e-03,2.496633915106801285e-02
9.428707830186811370e-03,2.473169407715713683e-02
9.331296200115010708e-03,2.460410319788916209e-02
8.912636743232017419e-03,2.431487780002001761e-02
9.110575000457452749e-03,2.435720088854580190e-02
9.241038501472212743e-03,2.416577978828335013e-02
9.318886034765577753e-03,2.410782197533404073e-02
9.089518386158523117e-03,2.374603923751958737e-02
9.268921546570772427e-03,2.385117216280197364e-02
8.534493268115108874e-03,2.316210050081397506e-02
9.125696934405942359e-03,2.369390501495904910e-02
8.941264081549372272e-03,2.354900857481767584e-02
8.947085007083842648e-03,2.357458792829331476e-02
8.727250404190686761e-03,2.339756173199506947e-02
8.880456394023187455e-03,2.332609387092104275e-02
8.709700424457301679e-03,2.303390081834474912e-02
8.780585012360828112e-03,2.302291102416032312e-02
8.255212932838028664e-03,2.265268387081037851e-02
8.681777780180931908e-03,2.292496996543555085e-02
8.638074278885993218e-03,2.290508194733492306e-02
8.463509311160081344e-03,2.286262842054127484e-02
8.432477035956001052e-03,2.271870559698827355e-02
8.848275884532177601e-03,2.300631772175511236e-02
8.632682914026683363e-03,2.283515264551884069e-02
8.555077168684904060e-03,2.275829854465426239e-02
9.144062369146381541e-03,2.337018956144682608e-02
8.928911081564084792e-03,2.306680760422482462e-02
8.396192878273540938e-03,2.262575128048107537e-02
8.730650623859399426e-03,2.266461525852852057e-02
8.840034046498966222e-03,2.288743012207584970e-02
8.591545097297977746e-03,2.256537577213662757e-02
8.444258062687561364e-03,2.254881078880484335e-02
9.311599888490286817e-03,2.315150536225686617e-02
8.537072216926245780e-03,2.239584288383111507e-02
8.691497189882857119e-03,2.256718217190904416e-02
8.758427179257739781e-03,2.257475776356457700e-02
8.690108390173815339e-03,2.248482047126025909e-02
9.160417925191483013e-03,2.292208264207653765e-02
9.063600785299613313e-03,2.285503516429258919e-02
8.346795036597708106e-03,2.225883773145306832e-02
8.729973425736422057e-03,2.247315253841596430e-02
8.759067747745132027e-03,2.246852535437592058e-02
8.890148366403024735e-03,2.256747948892066924e-02
8.841032420079754373e-03,2.253587109886466544e-02
8.875444959515539634e-03,2.254637982341625713e-02
8.850767971781846669e-03,2.247781062530793475e-02
8.155027719539967995e-03,2.170841087174649187e-02
8.919503328569838504e-03,2.228163240632250949e-02
8.838691583499062518e-03,2.220927891258353201e-02
8.601826858833863318e-03,2.198429781542882155e-02
8.495637019094937764e-03,2.188551198163911360e-02
8.493797532452928081e-03,2.187134736180425601e-02
8.798842260596297440e-03,2.207648416657630522e-02
8.581125973873031040e-03,2.170599425900279766e-02
8.421666064172557420e-03,2.152534370844894074e-02
8.799185416837071103e-03,2.184606173649809163e-02
8.645863845542582291e-03,2.171182747341303745e-02
8.393518562473761130e-03,2.157905484430283974e-02
8.552018698356774959e-03,2.183048977635799331e-02
8.463348564800575111e-03,2.176903660092495071e-02
8.333381399327264780e-03,2.156333601924112151e-02
7.985918857035978480e-03,2.130674847599368579e-02
8.308095628350600434e-03,2.150359296452919455e-02
8.053429091029710649e-03,2.103649267478031534e-02
8.046546469419576034e-03,2.103038094118550583e-02
8.125368076192532318e-03,2.112457459331105319e-02
8.078713519861398240e-03,2.096119925953677729e-02
8.549703910786255953e-03,2.140821629217416755e-02
7.966834038282237518e-03,2.084661682270757752e-02
7.690071184238361258e-03,2.062169955579394240e-02
7.958718755280530868e-03,2.089083392608464748e-02
8.082819174461235157e-03,2.101138264014702772e-02
7.892808654426755263e-03,2.081479940043050314e-02
8.318213596607223342e-03,2.115164534934457080e-02
8.491101599389537166e-03,2.131891742927621500e-02
7.535006884116070627e-03,2.059159210000372636e-02
8.045613596909747395e-03,2.102439201036040636e-02
7.964129666749551750e-03,2.108398854429413202e-02
7.871774207662982081e-03,2.103594125431189690e-02
8.043006645912011490e-03,2.113288467921925137e-02
7.968475546172559473e-03,2.093412775917623606e-02
7.975987068807879887e-03,2.096675867640414997e-02
8.034913537949987805e-03,2.108264876226684237e-02
8.237641085872179567e-03,2.123403560312506905e-02
8.291154369539727176e-03,2.125614835369141198e-02
8.303037696068141585e-03,2.130034717864058569e-02
7.935713277073576377e-03,2.080269035110732939e-02
7.899257508753440224e-03,2.086357489563576625e-02
7.753040340114631876e-03,2.078588577630154088e-02
7.532942190838968696e-03,2.052034806905156730e-02
7.710063341745064178e-03,2.055667858288631397e-02
7.808490099955375102e-03,2.061656853026714795e-02
7.375572252568532439e-03,2.026676557734656201e-02
7.716480558425253475e-03,2.053464974930374262e-02
7.551734433059889215e-03,2.054443881024272875e-02
7.648945630835800140e-03,2.060777284529989942e-02
7.377408980777127277e-03,2.018831970930288697e-02
7.482526760839288034e-03,2.015393785827169701e-02
7.462364697691794072e-03,2.012387578530809573e-02
7.748835848124743103e-03,2.040008423062980233e-02
7.181940686250408434e-03,1.998465020587590277e-02
7.433006475769618829e-03,2.009338014155034186e-02
6.903324555811755740e-03,1.956956777835364841e-02
7.215898332350748588e-03,1.970926665482348669e-02
7.040368690878766496e-03,1.946995112155172278e-02
6.734982549467354897e-03,1.907982047091449918e-02
7.188905491323747086e-03,1.950881150204227671e-02
7.137320995384945424e-03,1.939691756128018862e-02
7.316594438872738547e-03,1.949738783917506421e-02
6.875314858877780086e-03,1.898908852076329132e-02
7.131934772872128639e-03,1.918875227248187723e-02
7.112401532142368331e-03,1.913308541770422644e-02
6.846378945963417159e-03,1.891045189443662719e-02
6.913459509242696026e-03,1.903735151665734635e-02
7.061138378048794316e-03,1.913424212825534307e-02
7.163935864943455148e-03,1.918683707557461079e-02
6.949383058872288937e-03,1.903039610612307364e-02
7.205298316419188331e-03,1.915595274550698640e-02
7.253028470124137442e-03,1.922478870867442430e-02
7.173551663132336602e-03,1.917490459107761003e-02
7.358305819024059391e-03,1.928540129674682913e-02
7.175616594872294765e-03,1.917162666771160887e-02
6.979095503880409883e-03,1.902239059330211243e-02
6.808253706376048153e-03,1.884896913264606094e-02
6.690935660685817105e-03,1.867461780729243528e-02
6.855562457728546846e-03,1.879136293016108600e-02
