6.106415950686202576e-01,1.373435810025099180e+00
5.148683297894708355e-01,1.169651715144222726e+00
4.573634195253351020e-01,1.002804815624821044e+00
4.545566210170317589e-01,9.984058452447200915e-01
4.523089584327981139e-01,9.949574267024189345e-01
4.526771658360818074e-01,9.948902873083245169e-01
4.491647877011958334e-01,9.805865153885831020e-01
4.439796053903989348e-01,9.732618581139510505e-01
4.421102565320981781e-01,9.678961311667108047e-01
4.434340929617625049e-01,9.697513480392637719e-01
4.411848305332154441e-01,9.648907772975626740e-01
4.415768359381674335e-01,9.654288200208153148e-01
4.449566848309647882e-01,9.701979524835446789e-01
4.452794172499630609e-01,9.704179420517171639e-01
4.487936957361162715e-01,9.735564706817215752e-01
4.485445107561608635e-01,9.748618729622630097e-01
4.484323281295312102e-01,9.740483729309312722e-01
4.490587016317557079e-01,9.752350714219861771e-01
4.488787880965498522e-01,9.740721649207669808e-01
4.494893135206805002e-01,9.747903637567318924e-01
4.473439809506381537e-01,9.722293677672954049e-01
4.473727488718891587e-01,9.722091135987966926e-01
4.475968225481948282e-01,9.732392839737487034e-01
4.483364364631693411e-01,9.738118975046123893e-01
4.482930758273376282e-01,9.740498634498602204e-01
4.499976807932139500e-01,9.764768721751027059e-01
4.510925500535750143e-01,9.772407457370453354e-01
4.523376005343281436e-01,9.777372551218298513e-01
4.522176128518007321e-01,9.779025043503654091e-01
4.515639568543610705e-01,9.760433177182235021e-01
4.507852792779265538e-01,9.753194311809781913e-01
4.514461910539850353e-01,9.761117037125447427e-01
4.496809261252598944e-01,9.741213235519843305e-01
4.485563751772813634e-01,9.728961889221641179e-01
4.485206395819149039e-01,9.736494148468796128e-01
4.495192554017430897e-01,9.745949182534523469e-01
4.495399413778195519e-01,9.747648876681375141e-01
4.482448623454215464e-01,9.732548730189835018e-01
4.482472627709958024e-01,9.738044575307068795e-01
4.483003596201897145e-01,9.725149542896572852e-01
4.477729798022253571e-01,9.722029598368041592e-01
4.499421760704186424e-01,9.748175523506169560e-01
4.509540267193025143e-01,9.753578165658822741e-01
4.508475606529050994e-01,9.757636570317258506e-01
4.505818691644272733e-01,9.755534318175588249e-01
4.489528648154186286e-01,9.735142170064065015e-01
4.494907493792525410e-01,9.743149879016127501e-01
4.488609633058464055e-01,9.737473372709737340e-01
4.489496721953706859e-01,9.736397057013106426e-01
4.491183873014064631e-01,9.735637043298847049e-01
4.491559098160343710e-01,9.736085729231083175e-01
4.500700876661252736e-01,9.758104597764122312e-01
4.513203132290692365e-01,9.773306868723802276e-01
4.526984044970440713e-01,9.795584293805481568e-01
4.527845454262925950e-01,9.790721491575226088e-01
4.530465818163958991e-01,9.796337877921507120e-01
4.533853594497062600e-01,9.804665358920352514e-01
4.534192012194541155e-01,9.804558877614701906e-01
4.533697329423908573e-01,9.799367567547738744e-01
4.532304096775015556e-01,9.798354544712261083e-01
4.534942784941196625e-01,9.798406994653754420e-01
4.539903202776290336e-01,9.810178673217189171e-01
4.541081348898666215e-01,9.817206365236852417e-01
4.541869697632463510e-01,9.814165675171190317e-01
4.550547162606968232e-01,9.834225356729153766e-01
4.557930471095439362e-01,9.842746239879200942e-01
4.553786713646626461e-01,9.834872549621398452e-01
4.553743056246402632e-01,9.835908521434524321e-01
4.565761644037088507e-01,9.855301101642158779e-01
4.568161305179328502e-01,9.862111704615079688e-01
4.572301243770658385e-01,9.867291283644911148e-01
4.579578705805664729e-01,9.872789992821306981e-01
4.580442091574867813e-01,9.878130967035757548e-01
4.583414337196192734e-01,9.877965424644193915e-01
4.576500223398423106e-01,9.874337046450821775e-01
4.582686881170693338e-01,9.883100065272631962e-01
4.577077002418328266e-01,9.878733323044885939e-01
4.577829889862370938e-01,9.874325322409313044e-01
4.590687052174109994e-01,9.891942353426975698e-01
4.592540044520508902e-01,9.894392364736938061e-01
4.591719475194296907e-01,9.891940849148693760e-01
4.585528185578137683e-01,9.883322866078906310e-01
4.584857150569480733e-01,9.882116465934296379e-01
4.595388931731358984e-01,9.894100493921843542e-01
4.598893337795268987e-01,9.900561946532293600e-01
4.595484862938950532e-01,9.899233892363037413e-01
4.606073372581483416e-01,9.907158918063287967e-01
4.606351990713608568e-01,9.907376725055513367e-01
4.606901333748003036e-01,9.901126070022930881e-01
4.608757223176220830e-01,9.896479083294611456e-01
4.603863756830448573e-01,9.885456006708422949e-01
4.598459968509588935e-01,9.881057468735108262e-01
4.606604973081679377e-01,9.894177670992013729e-01
4.605735875109393529e-01,9.891669635151769668e-01
4.612968204384014781e-01,9.904076221911779498e-01
4.619865025691154425e-01,9.911750646537431653e-01
4.628030894677517826e-01,9.924152462551496523e-01
4.625016537687987039e-01,9.925537383554903226e-01
4.626279753956266116e-01,9.931118061524012441e-01
4.629581154915166086e-01,9.938185367909496692e-01
4.637689881436738437e-01,9.946637496751282725e-01
4.638981846650465091e-01,9.943640388990645507e-01
4.639991316553006007e-01,9.943652085781560235e-01
4.646254050044469341e-01,9.954264366458660529e-01
4.644828719003750161e-01,9.956463697703812343e-01
4.635534337247146364e-01,9.939513402503402650e-01
4.637274844182905364e-01,9.939833161256350635e-01
4.634364663793443251e-01,9.936891011382908978e-01
4.631445232748067631e-01,9.925010588717322335e-01
4.630117474460215821e-01,9.925152301636166463e-01
4.648243193243231652e-01,9.944015780745255606e-01
4.641961292420911378e-01,9.934483100021906932e-01
4.646963072018123198e-01,9.949131339766978943e-01
4.653252668790353597e-01,9.954199984870762963e-01
4.649760810134839772e-01,9.945595489739561534e-01
4.641176866989109584e-01,9.934318544097062720e-01
4.631569344253348430e-01,9.914542385842400884e-01
4.625945460397522524e-01,9.908675930097354811e-01
4.631015244848250556e-01,9.914259350798146908e-01
4.642984832277733398e-01,9.937330578746703669e-01
4.653820769836038429e-01,9.956973152314791964e-01
4.658267842762634503e-01,9.960123785430623489e-01
4.654040935581813532e-01,9.955124282862239937e-01
4.645689269635855378e-01,9.936755302560074110e-01
4.644665539640217555e-01,9.944456981219066405e-01
4.632230341117643535e-01,9.931316529369202950e-01
4.640654605953310474e-01,9.940320768317433275e-01
4.645397128674783604e-01,9.950197397051546711e-01
4.649544474507167902e-01,9.963427807128343305e-01
4.629224069830119581e-01,9.924796277267080580e-01
4.635939824913605789e-01,9.938154762272664033e-01
4.637836366513036213e-01,9.942123193382655932e-01
4.636809502889479573e-01,9.940209450007474468e-01
4.644186208302713559e-01,9.953481036382924030e-01
4.650829827860999965e-01,9.950045118149777323e-01
4.644807328646206046e-01,9.940841029753828550e-01
4.649728228690656606e-01,9.948267010607563243e-01
4.651666921407220934e-01,9.950167273081352848e-01
4.666910030985285673e-01,9.977775926251148952e-01
4.668715314802067695e-01,9.976214388205112416e-01
4.666473227600009266e-01,9.963024281015856465e-01
4.660720260010732807e-01,9.953453602706395786e-01
4.659174876499042606e-01,9.956410578588774651e-01
4.656250828129298580e-01,9.956477971432894369e-01
4.652650993059729290e-01,9.949754348665335035e-01
4.645174984469379598e-01,9.940360274047266298e-01
4.643600435978594843e-01,9.945795768895500100e-01
4.640432211047709754e-01,9.938155846693782491e-01
4.637861779346183488e-01,9.938019311389939547e-01
4.636548962556251152e-01,9.941286669271314214e-01
4.641025005767190903e-01,9.952535696230262463e-01
4.652542786896979865e-01,9.972476386103142909e-01
4.631435822829758631e-01,9.939829832773057205e-01
4.621801876283325172e-01,9.921038370847041765e-01
4.617475280775011903e-01,9.916698484541024428e-01
4.609394645516288747e-01,9.904544420668682791e-01
4.607597151465609442e-01,9.896900710603493412e-01
4.601415667057284775e-01,9.878861427432643616e-01
4.603478503474510153e-01,9.889209469217810078e-01
4.598275435782222531e-01,9.879417973599983194e-01
4.583635096823002741e-01,9.861523608571285404e-01
4.584214699046587072e-01,9.859849349977218846e-01
4.585225700856109810e-01,9.860657776723213974e-01
4.577475365561156639e-01,9.851798954498186545e-01
4.587300453467699213e-01,9.867748093262779241e-01
4.590416007994901348e-01,9.873915872648620917e-01
4.585158412004452511e-01,9.867941247469556032e-01
4.582386676496118527e-01,9.866386529711479447e-01
4.569809428786875127e-01,9.853108746662427864e-01
4.565457808557755182e-01,9.845059487945160281e-01
4.560465504763903666e-01,9.840235108909145545e-01
4.559705018589786940e-01,9.838602733317262095e-01
4.554269350068083644e-01,9.828364843921046923e-01
4.551543365996008061e-01,9.831679662962660160e-01
4.550744153554225901e-01,9.822842220706331506e-01
4.539943821834748761e-01,9.809892675075050361e-01
4.539508538127363102e-01,9.815219429800537965e-01
4.529004686191797080e-01,9.804362934819812470e-01
4.530787884581141123e-01,9.806939049921484797e-01
4.538010101153406861e-01,9.823189369557108197e-01
4.529769542787002168e-01,9.811101776215506165e-01
4.530833973479717058e-01,9.811700126207651973e-01
4.539194266072840711e-01,9.820378715289547200e-01
4.550382109215659332e-01,9.835631888395848232e-01
4.554439064222138844e-01,9.835510248810741540e-01
4.563436067608819258e-01,9.845101483195431991e-01
4.566884436802979286e-01,9.858420360550607109e-01
4.570040047716433795e-01,9.863061680557458910e-01
4.566893542334091727e-01,9.856080840410732513e-01
4.581126153823746883e-01,9.872705650279101075e-01
4.586300061332329037e-01,9.877197622961533252e-01
4.585060558150585996e-01,9.874982742542628422e-01
4.595597531234360544e-01,9.883730145967801750e-01
4.596043939174294102e-01,9.884672634073335962e-01
4.604595553787995676e-01,9.897838164201404609e-01
4.603824154255005130e-01,9.896660187690691224e-01
4.608123911567064135e-01,9.903482769176223943e-01
4.605264760774469557e-01,9.895665669424311695e-01
4.598241781709295761e-01,9.882394890621638561e-01
4.600661665930538269e-01,9.886098794280299140e-01
4.603898510876628380e-01,9.891362872405611295e-01
4.612766153716020279e-01,9.904796756350909837e-01
4.610460991749344428e-01,9.906551849414133581e-01
4.614725199812012013e-01,9.911017348580167807e-01
4.623414553080563705e-01,9.926808918355687350e-01
4.630728690762327404e-01,9.932915234350649936e-01
4.641174654608029582e-01,9.944291980755536331e-01
4.645028754190743681e-01,9.954602480773839801e-01
4.647584365462326117e-01,9.953181652196644302e-01
4.640309430131731583e-01,9.945378849234455254e-01
4.639672707175040434e-01,9.941920696264922030e-01
4.648963962328341859e-01,9.953536706409270574e-01
4.648572803980804413e-01,9.950268584038078901e-01
4.651182768655550692e-01,9.955195228229620774e-01
4.649328231902866704e-01,9.946525433171103936e-01
4.650124975787147119e-01,9.946029014827242332e-01
4.646366034096198749e-01,9.936931162736721834e-01
4.652483286995450773e-01,9.944593823745274674e-01
4.648395376385731637e-01,9.941319202842541225e-01
4.651018706756882004e-01,9.947796700422397720e-01
4.648993360574594780e-01,9.944027070638279397e-01
4.650105380012959366e-01,9.946231503458408119e-01
4.650444201297412317e-01,9.943631310562984771e-01
4.652293926373657906e-01,9.945324395146680763e-01
4.653326736853248824e-01,9.945072793700840963e-01
4.652066422303928195e-01,9.941900078768074467e-01
4.653485582295785461e-01,9.942993419805654653e-01
4.653632140848095178e-01,9.942292084299995114e-01
4.652850710861404782e-01,9.941231019382652523e-01
4.652775725971141640e-01,9.942359814960664011e-01
4.648211222897283834e-01,9.934101480879909962e-01
4.647947955301338641e-01,9.933943214016897061e-01
4.650006556830287296e-01,9.934140360847771856e-01
4.652847617815147885e-01,9.933151861719086151e-01
4.650721711111999168e-01,9.929354736315503249e-01
4.651703265330839887e-01,9.929725145840776479e-01
4.652549620313583545e-01,9.931435028860515768e-01
4.655318292496889443e-01,9.935384256299339967e-01
4.655215749210446785e-01,9.933738242754561742e-01
4.657063974825602637e-01,9.936782063612228377e-01
4.655094908356494643e-01,9.932941795631683446e-01
4.654801416988717522e-01,9.932650985335681471e-01
4.657918605885899566e-01,9.938108074729015140e-01
4.653512896826146328e-01,9.929232067133667572e-01
4.651879809607815108e-01,9.926077479619699329e-01
4.654522810933228172e-01,9.930974469869596755e-01
4.656297586045523573e-01,9.935482430969789780e-01
4.655191323209355025e-01,9.932895696880462699e-01
4.659363422302176261e-01,9.937881955234703080e-01
4.655123255466468435e-01,9.934085068210274372e-01
4.655089086807357446e-01,9.933600917875542446e-01
4.659468601692582368e-01,9.940141208013353324e-01
4.657719932275793395e-01,9.937519948951668569e-01
4.657331606298054094e-01,9.937816931159021427e-01
4.659109788032070321e-01,9.941049046288868984e-01
4.655415944625246882e-01,9.933830405620233117e-01
4.651521668162957313e-01,9.928563456868183534e-01
4.654975355044797536e-01,9.931936720994947176e-01
4.653205281905432589e-01,9.928449358066939734e-01
4.655957601242484145e-01,9.933126376299472593e-01
4.661167884005830153e-01,9.940572222635155608e-01
4.656260787993835026e-01,9.931260887120101355e-01
4.650838477521845316e-01,9.920127950247197290e-01
4.652055834799596612e-01,9.922217400507794549e-01
4.652003966770085763e-01,9.923331338439576044e-01
4.654264246580458453e-01,9.929422664254454745e-01
4.650800695466332235e-01,9.922837089077725103e-01
4.649585273603872304e-01,9.920682024274219968e-01
4.650035052314493433e-01,9.917079674749446072e-01
4.649257071587375445e-01,9.917278356437015940e-01
4.650679862043929358e-01,9.923858476817718488e-01
4.643556616469420306e-01,9.911132319084763331e-01
4.645020632755706425e-01,9.916486042959312686e-01
4.648499170854061835e-01,9.924175989802462849e-01
4.652690986844710275e-01,9.928686830091568716e-01
4.647695475245844365e-01,9.919266740172809627e-01
4.646766698667604834e-01,9.917162946292372716e-01
4.647718982851456460e-01,9.917094130493554482e-01
4.649974346491607124e-01,9.918869354293664564e-01
4.650148164154324082e-01,9.918084900222948752e-01
4.651643431208054569e-01,9.921980379035988395e-01
4.650127786625997128e-01,9.920773643281991516e-01
4.651058182236680327e-01,9.919910504565173648e-01
4.648012918108013758e-01,9.915192310637613859e-01
4.652864686209939316e-01,9.919795249040073148e-01
4.652450618724210396e-01,9.920672480493333278e-01
4.652937033755828455e-01,9.920567285628903997e-01
4.651154650938653656e-01,9.917968853581402566e-01
4.649449271753728907e-01,9.916190721312017065e-01
4.646715949426978853e-01,9.910033125854701419e-01
4.647334869363899945e-01,9.907543863106899051e-01
4.651553410846435144e-01,9.913816487335118666e-01
4.651003987728248856e-01,9.910798421589469553e-01
4.654322378386859804e-01,9.915914167329892281e-01
4.655739725491958025e-01,9.917502454720235061e-01
4.653985383050499025e-01,9.914376662478689983e-01
4.660186208322736889e-01,9.924257161415441786e-01
4.659332881832556339e-01,9.921883676382485806e-01
4.658776952349856226e-01,9.924749947332373035e-01
4.658014981215257699e-01,9.924017731233699680e-01
4.656217813448318976e-01,9.921429002845943979e-01
4.650784522413546895e-01,9.911723081407345370e-01
4.651992859005621428e-01,9.915041379223055173e-01
4.652489056562690295e-01,9.916436868120906967e-01
4.656671697709540148e-01,9.921560941087310681e-01
4.656259936531597088e-01,9.920416414135931893e-01
4.655663743118445552e-01,9.920924391689696087e-01
4.661529538315641874e-01,9.930031082111528962e-01
4.660245054678166521e-01,9.928691525800440454e-01
4.662729798535670822e-01,9.930142924902657375e-01
4.663647416671050649e-01,9.934133826430894265e-01
4.664535935814942413e-01,9.933442193739463466e-01
4.669802806505058412e-01,9.940752851557739245e-01
4.670023167037785083e-01,9.942263641135771213e-01
4.669243454870387611e-01,9.941266719045538380e-01
4.671490547294199214e-01,9.941871356221527734e-01
4.670478229120441083e-01,9.944609775860355771e-01
4.670320669822944359e-01,9.944048892930142935e-01
4.669994764160472212e-01,9.943652085712043620e-01
4.670022704558868809e-01,9.941538168277412879e-01
4.672759454582626759e-01,9.949147198719672236e-01
4.672788452406153592e-01,9.947373127061540643e-01
4.673612145391953243e-01,9.947842178087855647e-01
4.674636724209569327e-01,9.949755396425616905e-01
4.675757056726077554e-01,9.948179681769466765e-01
4.671243402009856993e-01,9.938507423144549158e-01
4.666609143621551214e-01,9.930438821707188168e-01
4.664288245444580538e-01,9.924742408981216402e-01
4.664495918342376202e-01,9.928789621086870909e-01
4.665796334006815371e-01,9.929657405469602960e-01
4.662570361284724685e-01,9.921845769259736159e-01
4.658700421018703297e-01,9.916768913599144364e-01
4.656190681333372550e-01,9.914202700499625820e-01
4.653726714166531719e-01,9.910976050722538622e-01
4.651797448268495949e-01,9.906671781507305763e-01
4.652001417981967424e-01,9.907884138369068561e-01
4.650876140193959118e-01,9.909445919237236389e-01
4.650894533127208907e-01,9.905780134604103004e-01
4.652436622805555810e-01,9.907410091737955948e-01
4.649135712814481125e-01,9.904971204855110845e-01
4.652097901552009751e-01,9.905169577302472828e-01
4.652721833099155435e-01,9.901959730880131039e-01
4.650760031983974807e-01,9.898871092660885829e-01
4.645075857071448988e-01,9.890946733276573255e-01
4.642470965212072698e-01,9.888636217212558588e-01
4.638776286912811853e-01,9.884197806591960012e-01
4.639933279975331781e-01,9.884772358918918478e-01
4.643444253046917769e-01,9.887985268981038800e-01
4.642051850945405067e-01,9.886925465239584376e-01
4.641303744665496445e-01,9.885940973069595739e-01
4.639844849597767329e-01,9.882212911711280023e-01
4.636893363693165848e-01,9.876862719513420652e-01
4.637434176735671931e-01,9.878084579799192300e-01
4.635890116027190921e-01,9.875955245122300941e-01
4.634949928472190672e-01,9.872290576951523455e-01
4.638339610307213867e-01,9.878458405609996662e-01
4.639187038324171231e-01,9.877899651831892891e-01
4.635092342276125876e-01,9.871906062568626128e-01
4.635541725707139626e-01,9.871014893043368321e-01
4.635632961699493459e-01,9.868136580692011828e-01
4.638018348751427600e-01,9.870854050667151602e-01
4.635782079617359885e-01,9.867111356322122440e-01
4.637069028347606814e-01,9.870948476534415761e-01
4.635637449847300751e-01,9.866245523796586259e-01
4.632277216488198124e-01,9.862268832408275232e-01
4.631780110254893890e-01,9.862942130684927422e-01
4.634757670241099747e-01,9.866995191701881662e-01
4.636673113511566302e-01,9.869439223437389552e-01
4.636758068413219247e-01,9.869613429220409628e-01
4.637101467591289161e-01,9.869409128854287339e-01
4.636699710467211966e-01,9.867001735933956796e-01
4.635426644991586520e-01,9.865656482902023239e-01
4.634354014229206675e-01,9.863122214181709868e-01
4.634079617495414638e-01,9.861635330439704195e-01
4.636136036383865511e-01,9.863405069611715925e-01
4.634750346871375770e-01,9.861857473638755422e-01
4.633824144539752665e-01,9.861434429236781707e-01
4.629850272345846784e-01,9.853217482044662745e-01
4.635904441750809402e-01,9.862589179543814755e-01
4.638806126884303938e-01,9.865224405912995653e-01
4.640597595751361770e-01,9.869404260206141588e-01
4.641372692736789873e-01,9.869429551078121587e-01
4.642749308696402233e-01,9.873706909519959218e-01
4.642119340439289643e-01,9.873357776960165477e-01
4.642062723951517755e-01,9.872849721654322064e-01
4.645666894372149081e-01,9.879191617133896708e-01
4.645509000519024156e-01,9.878420103710167099e-01
4.646875756933959711e-01,9.878869802102775433e-01
4.650854899653552033e-01,9.883653168573311998e-01
4.646788104198361080e-01,9.877359486256406251e-01
4.646472846572340387e-01,9.876438742364123113e-01
4.647395281758937013e-01,9.877225378177917348e-01
4.647768350509923208e-01,9.877540071899728602e-01
4.649020217825360346e-01,9.878375820099272175e-01
4.646564189634038722e-01,9.872819345911773015e-01
4.648914236555740098e-01,9.876209432284046574e-01
4.648428909757251204e-01,9.872871294540070952e-01
4.649462812718738736e-01,9.872994799284733336e-01
4.648325958056453433e-01,9.869605744956613247e-01
4.650681574794552908e-01,9.875675688071784419e-01
4.647675204732884535e-01,9.869437503600195782e-01
4.649869000723257928e-01,9.872960693799225362e-01
4.652738077982075948e-01,9.877722271499961293e-01
4.652593351470614702e-01,9.878490656227156830e-01
4.652452360120160058e-01,9.880335670948078297e-01
4.649074924695114630e-01,9.874359476599131602e-01
4.650985870720878435e-01,9.877196333833135888e-01
4.653669215353266053e-01,9.880160376162783198e-01
4.652989925956619310e-01,9.877539784338060791e-01
4.651749495870047268e-01,9.878510284685643184e-01
4.650269591586245754e-01,9.874021237090774283e-01
4.651808568562232904e-01,9.873778541577677981e-01
4.651270274909627966e-01,9.874129254867807237e-01
4.648912693622763714e-01,9.870126853530082345e-01
4.646889080990309617e-01,9.866515734792097314e-01
4.645919369493608508e-01,9.864385125319903302e-01
4.644989414230261682e-01,9.862668216762959794e-01
4.641360076909448185e-01,9.859815476649570476e-01
4.639886089786244838e-01,9.859147460462438506e-01
4.636929855504600684e-01,9.853643359369430588e-01
4.637662082166570943e-01,9.855232539876120912e-01
