5.740270826460098785e-01,1.275637817339259961e+00
5.121145283642611901e-01,1.138809994863015262e+00
4.574272191887565064e-01,1.007832258991389507e+00
4.533853284518604698e-01,1.000474649254565307e+00
4.534061610579311341e-01,1.000498037531776019e+00
4.534376064927597150e-01,1.000523794073815642e+00
4.533771232876233626e-01,1.000373063192059320e+00
4.533590208603131000e-01,1.000345837838333862e+00
4.533142777010047975e-01,1.000280876166933730e+00
4.534238366999710501e-01,1.000447721524515110e+00
4.533241609112410586e-01,1.000294731082283839e+00
4.532928389090837284e-01,1.000249247521561635e+00
4.533009708255798520e-01,1.000261142400153958e+00
4.535003638529888081e-01,1.000572071570337007e+00
4.532721125345693380e-01,1.000220426346197344e+00
4.535161318662739305e-01,1.000598290659096445e+00
4.532234007599337811e-01,1.000152845825485359e+00
4.535194647302138726e-01,1.000603197824758039e+00
4.534663546981028137e-01,1.000514610189850107e+00
4.532639569226880605e-01,1.000207430181124568e+00
4.533530553105816763e-01,1.000337396384683997e+00
4.537117573979478902e-01,1.000943181277382577e+00
4.533951860944978596e-01,1.000401856416289315e+00
4.531997545576766928e-01,1.000121305549635187e+00
4.533995926236040752e-01,1.000409083229527818e+00
4.536839616946112819e-01,1.000893215546928339e+00
4.535103276537019168e-01,1.000587627766663434e+00
4.532031462733306371e-01,1.000125850973144326e+00
4.532256465161241255e-01,1.000155782728194609e+00
4.534564006453117857e-01,1.000499396272470864e+00
4.535679513350479031e-01,1.000687363468601987e+00
4.533412956517781645e-01,1.000320289718619637e+00
4.531578008749233000e-01,1.000070267700366555e+00
4.534226733087621253e-01,1.000445913606921478e+00
4.536299865221323779e-01,1.000795717649509253e+00
4.535116543159727343e-01,1.000589790049147831e+00
4.534577541807404688e-01,1.000501292111836360e+00
4.532514673294943397e-01,1.000190426790632081e+00
4.533253973292156180e-01,1.000296059485941136e+00
4.534392930925036369e-01,1.000471819025736453e+00
4.535267551603949787e-01,1.000614838479874313e+00
4.535926646530288320e-01,1.000728590929996109e+00
4.532688460295424826e-01,1.000214158050932056e+00
4.532184162488664958e-01,1.000145605585062603e+00
4.533857306023366673e-01,1.000386432721316998e+00
4.534202511216074427e-01,1.000441235281757102e+00
4.534289105953123733e-01,1.000455112933341217e+00
4.534209731292093148e-01,1.000442294966883860e+00
4.534397058835983318e-01,1.000472279039593460e+00
4.533449943042333619e-01,1.000325188877290605e+00
4.532254984838194334e-01,1.000155582161990520e+00
4.532637494997378003e-01,1.000207609879853798e+00
4.533350997287410866e-01,1.000310644800311399e+00
4.534693300013097339e-01,1.000519826752426455e+00
4.535217459428346753e-01,1.000607105981135225e+00
4.534141281556451908e-01,1.000432299374993228e+00
4.534086406070852449e-01,1.000423893055363278e+00
4.532075888866429758e-01,1.000132275806126403e+00
4.532577458440737450e-01,1.000199891553795961e+00
4.533173945961899154e-01,1.000285299873757916e+00
4.533729254203188175e-01,1.000368130415017820e+00
4.534479836958659749e-01,1.000486810599303444e+00
4.535332421456075291e-01,1.000627266874501098e+00
4.535083861128334504e-01,1.000585115982015161e+00
4.534219851219440933e-01,1.000445517893403968e+00
4.534424321319175943e-01,1.000477898520841569e+00
4.533690975397381417e-01,1.000362023468157169e+00
4.532993224545303623e-01,1.000258442761356559e+00
4.532575933576817873e-01,1.000199472965401348e+00
4.532916896015052877e-01,1.000247276404722108e+00
4.533747290635752325e-01,1.000370273881775907e+00
4.535289234402057335e-01,1.000618957157470623e+00
4.535352039961543791e-01,1.000629625815214752e+00
4.534978796140198276e-01,1.000566751470309157e+00
4.534096574203939634e-01,1.000425004521679595e+00
4.533605628408047816e-01,1.000348671517454768e+00
4.532302466561966003e-01,1.000162278490519974e+00
4.531866682276771696e-01,1.000104050045150794e+00
4.531988295167199143e-01,1.000120121618953917e+00
4.532877619344917730e-01,1.000241843646130002e+00
4.534084437221473363e-01,1.000423171898695118e+00
4.535186704148445602e-01,1.000601818040731006e+00
4.534900624230298605e-01,1.000554139768631945e+00
4.535417099516073636e-01,1.000641414080009728e+00
4.535927456233310173e-01,1.000729724768578022e+00
4.534309027304047057e-01,1.000459027046887384e+00
4.532931391790685494e-01,1.000249412597447929e+00
4.532490666428332649e-01,1.000187663181938857e+00
4.532063414036977544e-01,1.000130152112308046e+00
4.531588208430157305e-01,1.000071119244837048e+00
4.531928313907081507e-01,1.000111674942103734e+00
4.532010567184021066e-01,1.000122728840473263e+00
4.532735749840776651e-01,1.000221697271423293e+00
4.533154933089816874e-01,1.000281995975418781e+00
4.533911891910485936e-01,1.000395421812746433e+00
4.535828958012820267e-01,1.000711905849899441e+00
4.536619787919600744e-01,1.000852856960594561e+00
4.535794470385373645e-01,1.000705790171891874e+00
4.536721783421293619e-01,1.000871455738546079e+00
4.534206371458743834e-01,1.000441872929124232e+00
4.533476798744299208e-01,1.000329039167557665e+00
4.532292480911263022e-01,1.000160221038358888e+00
4.532444026875010468e-01,1.000180662407863075e+00
4.532682169180028975e-01,1.000213826611468848e+00
4.532711001814822560e-01,1.000217807294788264e+00
4.533277051852603878e-01,1.000299598697882208e+00
4.533746967999535693e-01,1.000369340441297661e+00
4.534906289523261691e-01,1.000553912451041194e+00
4.534729903727913736e-01,1.000525162064208828e+00
4.534752253189826554e-01,1.000528841651518341e+00
4.535136851780955380e-01,1.000592420730112009e+00
4.534801520559731403e-01,1.000536692594513610e+00
4.533813979255273963e-01,1.000379552758119184e+00
4.534226825673076666e-01,1.000444357224360203e+00
4.534018515264398030e-01,1.000411476611474670e+00
4.533344851239518025e-01,1.000309325185408715e+00
4.533160238681992471e-01,1.000282085305679747e+00
