3.844794146505930987e-01,8.805557108955004431e-01
4.150980465674576347e-01,9.400614743278224994e-01
1.140635657501125472e-01,2.498271529128917312e-01
1.063985589307847035e-01,2.376719624591980828e-01
1.185514607246702795e-01,2.808133031542818792e-01
1.201712844681053216e-01,2.600526105403512256e-01
2.147355115090459621e-01,4.444728939961424263e-01
1.964169707947141796e-01,4.606340545486866112e-01
2.089451213115817163e-01,4.495583682656539293e-01
2.361305969838874697e-01,4.858409966927976220e-01
1.861105603984018197e-01,4.454385144487992831e-01
6.380254299222715142e-02,1.762823093141648589e-01
6.774309199277094018e-02,1.771150822211133569e-01
1.373213012363134755e-01,2.969837810102172737e-01
1.536243277161773724e-01,4.267878960609990946e-01
1.257492849801217227e-01,3.061617177166409132e-01
3.987043942153638970e-02,1.056481485797907127e-01
3.364829000606254367e-02,8.049954626109402656e-02
2.438023072155823257e-02,5.489003971775113094e-02
2.680979020869891580e-02,5.672692382800557237e-02
1.977764207790295992e-02,4.123537040001887949e-02
2.333043148482359316e-02,5.140336285102895669e-02
1.587480177489211317e-02,3.820682333484349408e-02
1.441464821606788793e-02,3.548635435332880839e-02
1.276944454314401373e-02,3.219798433257095582e-02
1.284368037756294760e-02,3.248486818055194847e-02
1.224211280369864006e-02,2.953365127946078542e-02
1.203580298803235381e-02,3.034466177060603925e-02
1.275179964988703250e-02,3.081023928825698741e-02
1.245011915880088298e-02,2.980754348654048730e-02
1.025951374573029658e-02,2.480184004725053196e-02
1.021497975349111229e-02,2.385231028008968912e-02
9.795555763359284698e-03,2.507612336866447272e-02
1.012944004938737264e-02,2.592242566272938767e-02
1.200382759974915302e-02,2.752118546373539046e-02
9.318799325735455108e-03,2.375615132733896809e-02
1.039022782771806958e-02,2.528507864613560238e-02
7.925609188656283430e-03,2.241233802382111215e-02
8.631738257100216027e-03,2.296866076747939092e-02
8.915449602808623100e-03,2.331342977955468479e-02
9.686746563103972724e-03,2.362644070861265669e-02
8.818352950344022015e-03,2.290588460901949591e-02
7.084200397341392126e-03,2.044914973690374616e-02
7.442315818435629726e-03,2.080506179495140648e-02
8.364584415069006504e-03,2.181926802878531024e-02
8.244354146572555053e-03,2.225203350523979884e-02
8.496407290671890294e-03,2.260671627893811458e-02
8.254538830223730542e-03,2.214372274606497132e-02
7.983322404627551244e-03,2.132057747075682269e-02
7.998337420186971483e-03,2.117272078924659767e-02
8.558237275407873379e-03,2.171116863881191947e-02
7.067113204371344368e-03,2.057236825554510998e-02
7.604015204331661393e-03,2.100858431506333682e-02
8.344976435157656913e-03,2.089426395781972604e-02
8.099835796238482807e-03,1.991506143918191085e-02
5.874897727479814688e-03,1.814364707780383168e-02
6.408424370304724622e-03,1.878676154082610170e-02
6.247951224357128214e-03,1.818998768639742622e-02
6.344091244488138555e-03,1.908293329584560133e-02
5.993926353736584410e-03,1.822673467162745642e-02
5.710519848084444523e-03,1.735643697751389908e-02
5.644932978008698407e-03,1.726016628955144572e-02
5.578721707125782435e-03,1.700766350749501749e-02
5.763510664340339151e-03,1.700786207867594976e-02
6.002280562955925394e-03,1.707555419520217707e-02
5.546129064816928203e-03,1.636796569834000209e-02
6.208962507441172576e-03,1.709546427392590745e-02
5.782097816510126803e-03,1.655306242923908211e-02
5.400434211620924740e-03,1.575978345586172974e-02
5.465008181349681297e-03,1.446914724003154490e-02
4.890225359773183247e-03,1.307121816313639232e-02
4.238262622723299594e-03,1.149564868146943884e-02
4.201037361953807552e-03,1.027103568737710096e-02
3.086314881923298437e-03,8.099239351094104575e-03
3.094925548104191480e-03,7.495223127641483830e-03
3.642039238049849924e-03,8.258231340690466715e-03
3.037832943183171180e-03,7.060118944149470187e-03
2.989689332671953154e-03,6.711239280931247803e-03
2.691609635014306952e-03,6.419641732335204867e-03
2.450787012040763629e-03,5.895279623512362198e-03
2.325126299016948197e-03,5.649187623617531705e-03
2.263563238783225084e-03,5.578693758821318301e-03
2.032780231735802079e-03,5.115696174623360348e-03
2.196859203359749404e-03,5.541354826044874934e-03
1.973315819672947797e-03,5.040010102549748357e-03
1.970901056201037043e-03,4.914132468597886064e-03
1.888171070592794100e-03,4.917873176183360992e-03
1.884551756983083139e-03,4.838153535447087261e-03
1.848624490846273666e-03,4.764879122713436277e-03
1.841716705667564499e-03,4.670561605228118647e-03
1.812253245960051369e-03,4.641860339085279209e-03
1.868180869888756831e-03,4.822038601074261389e-03
1.773689298639882957e-03,4.477387584718069309e-03
1.808818373638419481e-03,4.627917195884732535e-03
1.822860097702864394e-03,4.711771250079353941e-03
1.738204479477635468e-03,4.513906462031065138e-03
1.770980308482476666e-03,4.398688758639134576e-03
1.671696684923090325e-03,4.312531194165510583e-03
1.496088452110916431e-03,4.203146473441186047e-03
1.617509737239623997e-03,4.337511594665360848e-03
1.691928397219413707e-03,4.373772912453390352e-03
1.532229154479234278e-03,4.159111765340302476e-03
1.529339295403928751e-03,4.111444406142419732e-03
1.706665789227602330e-03,4.278489214304737921e-03
1.527962728848133219e-03,3.944025588846491841e-03
1.579188162237471537e-03,4.006472803255112236e-03
1.466085720263151856e-03,3.818980783995999228e-03
1.559454199388026104e-03,4.025661894421229611e-03
1.433431403053756371e-03,3.798296183931090027e-03
1.359602546205540986e-03,3.603281339190292452e-03
1.386442224933496841e-03,3.606470372555393728e-03
1.290836370818274591e-03,3.459357304266429470e-03
1.324359444503502362e-03,3.508876508006002898e-03
1.326699682194314471e-03,3.474691394490497364e-03
1.317538575924432102e-03,3.431916937370419265e-03
1.300343032131684277e-03,3.350880407662941256e-03
1.293087703978004202e-03,3.326848463900076644e-03
1.313694071930399370e-03,3.373006147305895788e-03
1.259084722553116672e-03,3.262673884011914674e-03
1.210529775552952273e-03,3.120214675567280996e-03
1.270454549382496598e-03,3.167194837698973035e-03
1.251037467605745123e-03,3.158921293344120126e-03
1.252091602888592880e-03,3.138695180576128643e-03
1.276869263666406988e-03,3.166574119675165735e-03
1.200466473419744239e-03,3.021456732447339380e-03
1.170880593821234383e-03,2.949803108573935840e-03
1.098176790617906833e-03,2.849367210404430209e-03
1.183773580720626911e-03,2.940232243783458353e-03
1.236079051470369804e-03,2.965605344180390849e-03
1.235841852527839882e-03,2.973110119932724504e-03
1.165509931690694766e-03,2.822943357626511805e-03
1.121895334192942774e-03,2.727565042988092624e-03
1.090721161487077408e-03,2.687409309249275038e-03
1.175370802057585729e-03,2.787410306838540401e-03
1.119263302127121613e-03,2.796192781201581583e-03
1.235579425383217687e-03,2.956255826863194314e-03
1.196416319899346872e-03,2.882965013109878554e-03
1.000794470311279234e-03,2.523885742931097301e-03
9.658935840806852965e-04,2.441579206972677857e-03
9.086270488696337761e-04,2.399003173027478442e-03
9.319850256213750052e-04,2.410184753653987853e-03
9.024165301016527467e-04,2.278423215267273098e-03
9.164670286539051145e-04,2.341401035367150513e-03
8.749728496686164005e-04,2.231560227638172255e-03
9.620811693907601464e-04,2.329200735931773007e-03
8.972971906549235144e-04,2.201769514092864755e-03
8.158408656227907540e-04,2.044994312842995498e-03
8.244667950120838787e-04,1.995833753539013981e-03
8.643234952877273470e-04,2.056417720432022686e-03
7.674669357529284456e-04,1.908509341441325590e-03
7.679272198837135133e-04,1.891720682126277935e-03
7.980141193008205179e-04,1.960817805702915091e-03
7.733979895341897177e-04,1.897983137401528311e-03
7.085753164788057522e-04,1.806752913655316562e-03
8.761987795895878877e-04,2.054211393221391010e-03
7.885354609974422986e-04,1.920456167673163404e-03
7.633660178730702342e-04,1.862222449992403548e-03
6.290757306057374659e-04,1.691940138515248384e-03
6.376272933246065599e-04,1.720169494669845792e-03
7.178563668881425943e-04,1.794080302254814040e-03
6.836500467713250420e-04,1.751607133329922917e-03
6.346926329903079160e-04,1.681331426364338034e-03
6.229040075999920040e-04,1.665363918557706893e-03
6.428060463871406545e-04,1.663987872673631943e-03
5.891187148249258342e-04,1.577531714514042406e-03
6.324404291246653364e-04,1.666406448009468116e-03
