4.070425661396236405e-01,1.003898648159585960e+00
3.394995898513776256e-01,8.171130050868902206e-01
3.371823624765239447e-01,8.095231725304741222e-01
3.312788920557576677e-01,7.912941239080136802e-01
3.260670581790871547e-01,7.769349066357392752e-01
3.195012873867778547e-01,7.586625122512569153e-01
3.174094324465288053e-01,7.597361231055388409e-01
3.160050045733985291e-01,7.582708553701057452e-01
3.119146804013459007e-01,7.479274768891884806e-01
3.112854916001909777e-01,7.445498280796460921e-01
3.100776852339730549e-01,7.400953520818103204e-01
3.094723229484731553e-01,7.394409219827626778e-01
3.112929444467013029e-01,7.454804922944930912e-01
3.094710679786119578e-01,7.389807354842462539e-01
3.089558614865818842e-01,7.385802341004350513e-01
3.102611810774625334e-01,7.433887581091266350e-01
3.093270398449151082e-01,7.404436831169759481e-01
3.107881270294893250e-01,7.443895944096726724e-01
3.108678532043850917e-01,7.442440229087166070e-01
3.109946841027511066e-01,7.441603126397583479e-01
3.114101098608859641e-01,7.454569049461298169e-01
3.120662228133679328e-01,7.473000739787549751e-01
3.120706890297859082e-01,7.473981067765996800e-01
3.132854286552091971e-01,7.509735395026539972e-01
3.131384729577174619e-01,7.511298470195655330e-01
3.141384410845995401e-01,7.546353413696926804e-01
3.154486411198219042e-01,7.590772190668727548e-01
3.151282914629658372e-01,7.588586938464813025e-01
3.172186449896062244e-01,7.652766933034492736e-01
3.162923077953441187e-01,7.632755081622094595e-01
3.181013794311486342e-01,7.683319218584856447e-01
3.175427466516378416e-01,7.673887957240702606e-01
3.168213128206011087e-01,7.658217339694607384e-01
3.169033168195423134e-01,7.668004202848370809e-01
3.184809861666338393e-01,7.717336784212653900e-01
3.196523154554795076e-01,7.754563100751908911e-01
3.206405609337669160e-01,7.789334235884152191e-01
3.225313540127244250e-01,7.839617826812487200e-01
3.222034606265860024e-01,7.831558565510482461e-01
3.225149429647596877e-01,7.846520491903787864e-01
3.246854175936402798e-01,7.909916672455530318e-01
3.246229932494882342e-01,7.915487762968355101e-01
3.258643316380546162e-01,7.958897758509149156e-01
3.257775525243391535e-01,7.954046861383197164e-01
3.280758725384894103e-01,8.025128400097044645e-01
3.296219029889991270e-01,8.072618814470006177e-01
3.307859347827205032e-01,8.098645560645124641e-01
3.323620492646420232e-01,8.137614980235604589e-01
3.346845806372381049e-01,8.210217099486297743e-01
3.354574995714879049e-01,8.240160399624097964e-01
3.356329126789815986e-01,8.244877009730015027e-01
3.357831351793706953e-01,8.253731917280695551e-01
3.368104497433702660e-01,8.278204637444521730e-01
3.374682702598092443e-01,8.296521449773254231e-01
3.376050285799924167e-01,8.304352325376044286e-01
3.386371697901136013e-01,8.330542555127798954e-01
3.390487334917179352e-01,8.350610479992951474e-01
3.417493367291061790e-01,8.427518648063597739e-01
3.421653217250708590e-01,8.444163707838925337e-01
3.435985177799438794e-01,8.484501792228045236e-01
3.451404039491390852e-01,8.531835869677615314e-01
3.455735719996048116e-01,8.546501201985144958e-01
3.449222195622010378e-01,8.534726834894392766e-01
3.449407014521951864e-01,8.538736735727945337e-01
3.460647868208940880e-01,8.575108070929514659e-01
3.457950290776675706e-01,8.564412707101841660e-01
3.463202633101023498e-01,8.580547716533537539e-01
3.466753479844928987e-01,8.590134069565619201e-01
3.454035270342345476e-01,8.553298459857531233e-01
3.455778975093165006e-01,8.558237661778046457e-01
3.460133450828294377e-01,8.575383457315030045e-01
3.469018198112475138e-01,8.603172008586896791e-01
3.471740155865738475e-01,8.616374420364851794e-01
3.479053281636279027e-01,8.640855710310190174e-01
3.469153054452417395e-01,8.619793445636045881e-01
3.467914893230994444e-01,8.622823599373499182e-01
3.466972636034185151e-01,8.620486706799233012e-01
3.461461215845780259e-01,8.610547667204135891e-01
3.462816883722125705e-01,8.614655631543802761e-01
3.461051415419754695e-01,8.608672075028053206e-01
3.462162022909066605e-01,8.616316218162449747e-01
3.464158518036793977e-01,8.625996374897527685e-01
3.471005675355011699e-01,8.643098139431346638e-01
3.476562993194033391e-01,8.661541882482051147e-01
3.472129231826365237e-01,8.652165750058804505e-01
3.477072219798835739e-01,8.666527918465418701e-01
3.480735980704554033e-01,8.675426704522718468e-01
3.485277387572926489e-01,8.690455633688548565e-01
3.481699043786962711e-01,8.682475530972042499e-01
3.473764682143782867e-01,8.661583735051281430e-01
3.469924427751807094e-01,8.649393188064026239e-01
3.470907762429802368e-01,8.654989655632986389e-01
3.475964226809590829e-01,8.668665576216042501e-01
3.472379973925932561e-01,8.658082890851617197e-01
3.461344792312177621e-01,8.627293871622919719e-01
3.461835390916241928e-01,8.628268451847913578e-01
3.466548677250836374e-01,8.641526159002516083e-01
3.478466795576206083e-01,8.673013762249820457e-01
3.477326514362347187e-01,8.671786432382042609e-01
3.481424724137086035e-01,8.684985734713659422e-01
3.476289222658572320e-01,8.672010570790793516e-01
3.481410390400362931e-01,8.684922604687248526e-01
3.480115492647724018e-01,8.680912225415621242e-01
3.479001366060123224e-01,8.674950060314076117e-01
3.477723332980354187e-01,8.674452839102897439e-01
3.476248947698016289e-01,8.670856083489579813e-01
3.487784756865023872e-01,8.702354962741084554e-01
3.496226728008999252e-01,8.726704028781192557e-01
3.491803780466001816e-01,8.713896780919136997e-01
3.500997707411523940e-01,8.733256436594213357e-01
3.497353156944240649e-01,8.729087109118573995e-01
3.495993251819114467e-01,8.726211491938000719e-01
3.497612571085414457e-01,8.730735860812872673e-01
3.505425492026406076e-01,8.753605672567763563e-01
3.509414966021845994e-01,8.768585877631963621e-01
3.504570127593424900e-01,8.757307728036790584e-01
3.502152121692414521e-01,8.751884310820580160e-01
3.506326674818623368e-01,8.761783302822219177e-01
3.510937200650751655e-01,8.771681725651443440e-01
3.510095133307983839e-01,8.764655580283099434e-01
3.508384830813895960e-01,8.755645722408473830e-01
3.506738307032751245e-01,8.752865645088254709e-01
3.507116824918365405e-01,8.751400336882219078e-01
3.510037708768679598e-01,8.759315154851458063e-01
3.506194923271828690e-01,8.751353678335149766e-01
3.509395581918711149e-01,8.755173985951147930e-01
3.508994205059305371e-01,8.754481878129223293e-01
3.514392485841201785e-01,8.769219210682519527e-01
3.519113480914300429e-01,8.784092772352961598e-01
3.526021850435983040e-01,8.804521032975959338e-01
3.529469995145399497e-01,8.811967735579141481e-01
3.527815204007681560e-01,8.805021311597512890e-01
3.526178315154717136e-01,8.800755698571333108e-01
3.530153825167514081e-01,8.814302131794182760e-01
3.527447153649316269e-01,8.803047374427726002e-01
3.531413043235416271e-01,8.813940006706540986e-01
3.535850622443370561e-01,8.823172444844432638e-01
3.547258021753250667e-01,8.852587396902966699e-01
3.549358523986561598e-01,8.861451388532600726e-01
3.555627541787994006e-01,8.879446900726435388e-01
3.558628174665298682e-01,8.890548901987105346e-01
3.565055876326195250e-01,8.909363839809389951e-01
3.575051053753519059e-01,8.935803723991520009e-01
3.579577372547375624e-01,8.945333685168842530e-01
3.577365805413003641e-01,8.938525874892256917e-01
3.581575986223122787e-01,8.945921481026022359e-01
3.591241900990268521e-01,8.972145079973126158e-01
3.601552332805993406e-01,8.998548933633738756e-01
3.614960798901473704e-01,9.028921286477561425e-01
3.627018862683062950e-01,9.056881365387987604e-01
3.625088351480814097e-01,9.053203201560431346e-01
3.628398104603097751e-01,9.060222875753345395e-01
3.626589491764879991e-01,9.054406510018001564e-01
3.627277735782592494e-01,9.052547253948796113e-01
3.631877925622587489e-01,9.065880623846955810e-01
3.642079744620919657e-01,9.094938602469271327e-01
3.644884426696901603e-01,9.103061601908072342e-01
3.649588821758493196e-01,9.114663679799430707e-01
3.659799264517557549e-01,9.138833259503182926e-01
3.670377188030817805e-01,9.166605427362648495e-01
3.678289366972031793e-01,9.189845653912227519e-01
3.683275813433162238e-01,9.201684370129703527e-01
3.682713413819671544e-01,9.199587573268398488e-01
3.691344700578888527e-01,9.222777850821270995e-01
3.692643542747451879e-01,9.225798493711899750e-01
3.694938440024155835e-01,9.233666295951057368e-01
3.697189072410351773e-01,9.242205615212362169e-01
3.692177867193988106e-01,9.227759843976631737e-01
3.701360132201438891e-01,9.247859835958056607e-01
3.709635523915746358e-01,9.269598232725573261e-01
3.717151492018377912e-01,9.291303528918677390e-01
3.726438254990142585e-01,9.313283275919885806e-01
3.725401217321382408e-01,9.311182013679225600e-01
3.721061343723044978e-01,9.296749368835522942e-01
3.720447307361774425e-01,9.296674546319878552e-01
3.728326487802034461e-01,9.315838598236269030e-01
3.726068427696294649e-01,9.307329539633901749e-01
3.722063299706459549e-01,9.296920173454570335e-01
3.720166364112532098e-01,9.290228877449674405e-01
3.727227644601502354e-01,9.301790671232554875e-01
3.726986544980411264e-01,9.304599113444201874e-01
3.728644971031411792e-01,9.311392360758850018e-01
3.734522807780553122e-01,9.324217261734709661e-01
3.742696198107363093e-01,9.345662012528691553e-01
3.746959521564153239e-01,9.356920429834983954e-01
3.748716130552877113e-01,9.363030885137860748e-01
3.748569282167447669e-01,9.361282347857278197e-01
3.755796813679071477e-01,9.379658151175401803e-01
3.761315710422423741e-01,9.391045003732425567e-01
