4.538043170671742788e-01,1.124122906087371865e+00
4.053225165965345655e-01,1.012650396399930042e+00
4.093553948770858875e-01,1.019960705681720814e+00
4.111391422996458211e-01,1.023154863612672827e+00
4.123895768098458370e-01,1.025416261498134141e+00
4.539780131739346025e-01,1.113135889914379728e+00
4.389924814015586652e-01,1.069976000849097275e+00
4.182146912340132250e-01,1.015707193434072675e+00
4.419965346625081004e-01,1.103884594192677371e+00
4.927467400370935113e-01,1.227959438677229231e+00
6.491752849585117335e-01,1.585147390992957428e+00
6.375961322137340126e-01,1.592721972063308344e+00
6.003467718375210538e-01,1.499090321448371288e+00
5.758399012345951640e-01,1.449195686494989532e+00
5.962618363600870053e-01,1.517228044509072227e+00
5.745065720352072747e-01,1.464420817140675402e+00
5.750976908269916921e-01,1.447875532155231459e+00
5.329297242751965813e-01,1.334248617617967314e+00
4.820538805064740751e-01,1.199177799669401967e+00
4.564842183085381366e-01,1.113097677812894037e+00
4.866077170903437277e-01,1.183388162953424638e+00
5.003342622182271882e-01,1.213581402792111907e+00
5.139140498301105753e-01,1.241536255222983165e+00
5.320067803437643628e-01,1.276673577948267191e+00
5.399089662276054247e-01,1.283606162935677864e+00
5.685657464507231085e-01,1.352767689260623962e+00
5.779582728503206424e-01,1.373761632668735633e+00
5.822736898727643995e-01,1.386863335665446284e+00
5.778685003478402082e-01,1.374607497963559410e+00
5.790568018724688848e-01,1.375105761395509774e+00
5.894153802167926282e-01,1.399880830543789534e+00
5.853369034374859003e-01,1.391722153258325045e+00
5.899532443920338931e-01,1.403342388966720922e+00
5.901671752381404401e-01,1.407642501610962604e+00
6.052724741603130454e-01,1.436849681601491291e+00
6.318684345586791373e-01,1.497064362651078673e+00
6.201430497519118124e-01,1.468387176704771591e+00
5.945745990239069689e-01,1.412402847261332361e+00
5.723448910607252804e-01,1.360093015878276468e+00
5.356181047479136037e-01,1.273909660434262570e+00
5.200871238165087895e-01,1.235545228863264011e+00
5.108702845985960694e-01,1.215129150104892863e+00
5.050918018154471056e-01,1.202784995236826360e+00
4.939781036626626487e-01,1.172633857663615720e+00
4.637444038799939383e-01,1.102766537348621512e+00
4.692532532343851037e-01,1.117979262422210684e+00
4.599352078535767774e-01,1.101794686295464842e+00
4.485683305735198578e-01,1.072510552543521012e+00
4.391954518578245481e-01,1.050940459353081780e+00
4.402344471949962146e-01,1.051895350551243835e+00
4.361151233511172953e-01,1.040853336618080327e+00
4.223015599183638225e-01,1.005566348625203554e+00
4.191968543413520654e-01,9.959344546694500755e-01
4.128375540576352254e-01,9.810539715598388666e-01
4.141133724599376231e-01,9.857329766316641484e-01
4.201086590900375839e-01,1.000753110137413415e+00
4.166815746646690966e-01,9.946278773291500341e-01
4.239526730139772659e-01,1.011331464915290024e+00
4.249459694298369783e-01,1.014325809742629314e+00
4.236508707127230045e-01,1.012452989241290791e+00
4.175700219601629071e-01,9.980452534406457632e-01
4.202034728092050586e-01,1.006356166725612455e+00
4.211967801688512036e-01,1.008463589081596057e+00
4.270553864569221481e-01,1.023622788233273129e+00
4.255110210666140369e-01,1.022066717815870662e+00
4.308237215653658581e-01,1.034776018806531583e+00
4.283559763534578457e-01,1.029163182702230506e+00
4.351794790556858250e-01,1.043519761356480169e+00
4.285709256799307698e-01,1.028753752274146560e+00
4.278078871195690192e-01,1.027096663924476738e+00
4.304811940788635938e-01,1.035538885526123387e+00
4.323789171491672079e-01,1.040487496376851340e+00
4.201667663938352115e-01,1.011373761694235318e+00
4.080573210688021590e-01,9.825183807679022108e-01
4.038159516366539581e-01,9.711608329855729860e-01
4.010500383154017023e-01,9.644464521934620338e-01
4.013400376096526445e-01,9.664133606763452011e-01
4.009333242874636438e-01,9.660550587257414890e-01
3.986630574348153933e-01,9.616388600577524537e-01
3.952346569045968594e-01,9.535094904329074472e-01
3.849853645633011245e-01,9.282332483157258451e-01
3.803555274475781123e-01,9.181783650814758779e-01
3.777378945236107843e-01,9.125169041685172733e-01
3.839112544559891149e-01,9.264085525604726090e-01
3.820616176204190140e-01,9.232591914892681606e-01
3.837990757298744282e-01,9.273388560555381188e-01
3.841285583010012328e-01,9.270209060674683421e-01
3.761317142280377057e-01,9.071863769854918713e-01
3.735764903634785639e-01,9.016870128772246362e-01
3.745456456277389545e-01,9.048505822450642055e-01
3.769897130823205433e-01,9.106010564784062788e-01
3.737201162464656723e-01,9.020228724624377303e-01
3.749402062443686900e-01,9.050996349302528055e-01
3.785631361676396467e-01,9.134080562174822226e-01
3.799506978288972880e-01,9.172546715401438400e-01
3.785955603209666398e-01,9.137813890368354786e-01
3.797922967815197115e-01,9.167045296131951515e-01
3.734987808194604186e-01,9.012702630491139510e-01
3.616898408931548126e-01,8.743683829577417743e-01
3.547969300169241391e-01,8.596488859613401479e-01
3.531335118796315453e-01,8.583248941833946377e-01
3.494961468401268645e-01,8.507364252949921601e-01
3.499556845039096808e-01,8.522658414862565035e-01
3.482192504725847848e-01,8.467600437723915574e-01
3.471029797753431012e-01,8.443179823677365858e-01
3.402124549611792448e-01,8.279089417939325957e-01
3.387264262667974424e-01,8.232580647216662939e-01
3.314979317394074476e-01,8.053908443830526398e-01
3.300055116312459180e-01,8.025578182077934830e-01
3.270592447982667572e-01,7.951163028029683000e-01
3.256397723065473371e-01,7.911480269044887104e-01
3.239943603222446566e-01,7.876402733841688653e-01
3.246406939753068155e-01,7.880091161319479065e-01
3.229817729833938111e-01,7.841315435163822567e-01
3.264446992460909858e-01,7.925121725604424849e-01
3.265518372916884071e-01,7.928440298646171058e-01
3.253279152303616417e-01,7.904977614242773010e-01
3.227729961523191360e-01,7.844296333446947322e-01
3.225082745596665745e-01,7.831843218360213799e-01
3.177304724075244446e-01,7.725772615843397029e-01
3.147478047155115588e-01,7.667421051238746399e-01
3.097303692354071991e-01,7.554556771316122132e-01
3.045468645650833417e-01,7.444431162273659197e-01
3.025426014385105833e-01,7.401136567753059392e-01
3.020063235384330413e-01,7.379944480593685352e-01
2.936135032911028064e-01,7.173823533130518904e-01
2.920253912983563072e-01,7.133218699962503573e-01
2.943782237664409052e-01,7.186158016256860570e-01
2.926006373845598252e-01,7.148803021685560255e-01
2.921988115588160517e-01,7.141687574535802163e-01
2.897545177721791987e-01,7.095530966064960143e-01
2.889152462009899613e-01,7.076023712930169518e-01
2.908042090959365167e-01,7.113291343505039332e-01
2.868415490068261797e-01,7.020639546564690914e-01
2.841446246732586833e-01,6.957944471562175215e-01
2.764537810867546130e-01,6.789596647468798540e-01
2.726857417436446829e-01,6.697720191083991192e-01
2.719963309746989411e-01,6.681459938277459765e-01
2.719717400067591662e-01,6.681058317884788211e-01
2.705472826339957448e-01,6.648923252311299548e-01
2.781759498087122418e-01,6.817691819626405803e-01
2.829334447757247406e-01,6.930546845859572036e-01
2.847228800053546172e-01,6.979429508437818841e-01
2.874966668131678227e-01,7.051544837570838942e-01
2.900547827741897233e-01,7.103044601246415457e-01
2.839947645814510091e-01,6.958638890309654101e-01
2.826981429389905931e-01,6.927895232447822682e-01
2.725638496032444236e-01,6.672436344229244476e-01
2.733286557036099240e-01,6.684463987073008262e-01
2.629837584915890036e-01,6.449948035532923063e-01
2.611570738882621479e-01,6.410556301227293696e-01
2.522725356360163707e-01,6.201305052412384722e-01
2.500042423458354035e-01,6.141152841501574811e-01
2.480360942282388292e-01,6.093246682042128270e-01
2.437142173243661003e-01,5.984762215449519474e-01
2.349985860343936639e-01,5.781064210596970065e-01
2.258081112703334281e-01,5.569538104053257666e-01
2.262945813623187807e-01,5.571113219258782001e-01
2.243859516434839330e-01,5.531549615735682490e-01
2.258298379296978520e-01,5.561021535577733710e-01
2.265980800515230431e-01,5.581035073034920080e-01
2.250896287092201409e-01,5.545019001891858812e-01
2.295278327823076225e-01,5.664618496353971411e-01
2.322345593782169648e-01,5.731404278632616922e-01
2.293949095394109405e-01,5.658885606954259240e-01
2.284569280250456358e-01,5.633890600448850927e-01
2.281276343632731851e-01,5.626888792184139287e-01
2.278881416729091614e-01,5.622733795472688589e-01
2.314370174417983983e-01,5.705606967285786757e-01
2.288856789703539452e-01,5.644715499023404970e-01
2.283093471458942092e-01,5.631047543537331945e-01
2.246979705421978946e-01,5.545822333663085191e-01
2.237162631923132750e-01,5.520258038751989504e-01
2.262754908618866412e-01,5.580148807796350141e-01
2.264027835170275560e-01,5.579167007363027286e-01
2.286000631588525622e-01,5.623543681355740453e-01
2.353358808451827267e-01,5.784778738438723922e-01
2.349074314527197227e-01,5.770598110591947938e-01
2.332076621904695390e-01,5.732909961907021179e-01
2.302415145928375650e-01,5.659446399532596095e-01
2.273217555066254503e-01,5.595792628888180964e-01
2.239134643310816131e-01,5.527425881334040447e-01
2.226219466282434445e-01,5.502843628692392075e-01
2.236123173668273512e-01,5.534709431565837390e-01
2.273741237609093468e-01,5.630785907708150129e-01
2.279565865271754310e-01,5.655277008682991768e-01
2.254750515585126902e-01,5.605752790632244631e-01
2.263836340094616262e-01,5.638452654885180992e-01
2.260587532941779054e-01,5.635205411670195508e-01
2.269408640774839558e-01,5.676573577853811781e-01
2.245152373978884508e-01,5.614731302779296662e-01
2.237590171395889282e-01,5.604699732238330734e-01
2.242737627431780345e-01,5.609479121834820559e-01
2.271523253344099880e-01,5.687254705443677283e-01
2.279870951662161249e-01,5.710378328473036946e-01
2.283399922364305890e-01,5.709630407493537785e-01
2.278931246306530323e-01,5.698266873174314684e-01
2.263810242758243496e-01,5.665531050657258705e-01
2.269041596982052378e-01,5.684036661053082362e-01
2.255720194679277368e-01,5.657977416465961307e-01
2.261188916013029127e-01,5.671189313284830114e-01
2.266656363851028422e-01,5.684686328405468281e-01
2.258499570688737579e-01,5.664939887310250777e-01
2.233873047665995148e-01,5.610406379018922918e-01
2.236489620785725996e-01,5.614474806874873991e-01
2.242685925248801559e-01,5.627562697419471460e-01
2.221320614726469134e-01,5.595016002966229918e-01
2.220502155873588512e-01,5.588945643290453846e-01
2.195426028088015846e-01,5.537766986622201237e-01
2.199413061067429231e-01,5.549409157334654896e-01
2.184734912741878310e-01,5.522684036111433770e-01
2.114737697720376342e-01,5.335350028812037015e-01
2.076648715730320394e-01,5.242481090103707775e-01
2.082638599918936462e-01,5.250621033479719868e-01
2.068781026949147450e-01,5.222672844811683257e-01
2.062251701483618360e-01,5.197051113073017925e-01
2.043836240981979913e-01,5.143505977968808596e-01
2.005270474567184547e-01,5.044225006748626061e-01
2.002102102614804757e-01,5.030164206648080061e-01
1.970204572407548704e-01,4.949531596953021251e-01
1.954083304270218258e-01,4.899063817202727322e-01
1.948769159938192608e-01,4.887086888874778712e-01
1.915673090755170005e-01,4.830254856640426309e-01
1.889432264390930871e-01,4.773550834628016992e-01
1.904431012126960587e-01,4.811997591884990544e-01
1.905404096302053818e-01,4.825109842851659780e-01
1.891876917639135902e-01,4.788684436742707828e-01
1.884368763798794366e-01,4.761274726302105464e-01
1.838804401415202738e-01,4.665715499257230281e-01
1.829870524623831707e-01,4.621536098188147035e-01
1.836670062145141780e-01,4.631478669977383000e-01
1.853844992028972627e-01,4.670037279766188210e-01
1.846494380809393931e-01,4.654203952741443606e-01
1.849620022685412590e-01,4.655885753692272089e-01
1.862472934107466116e-01,4.691960816921003641e-01
1.862287494361395679e-01,4.700368848782790487e-01
1.846862451252909987e-01,4.660813216071038045e-01
1.855011012093703560e-01,4.679266631488194217e-01
1.809125594108540180e-01,4.562479844422600572e-01
1.787974696062890334e-01,4.498217032739471044e-01
1.772071780451317802e-01,4.451236199120078840e-01
1.768553900819471447e-01,4.439516407380064145e-01
1.751912201960132143e-01,4.392862821256283135e-01
1.721792038200264940e-01,4.317052917614823127e-01
1.703522656684128833e-01,4.260583915757376050e-01
1.716125396452237439e-01,4.277681457587455549e-01
1.719482777863271528e-01,4.285709768216031668e-01
1.713644441439965971e-01,4.269847468051184980e-01
1.721901461278326773e-01,4.284238397998433312e-01
1.704904935861012438e-01,4.246175646587626029e-01
1.700082326003804212e-01,4.222935519474016464e-01
1.680944818034460775e-01,4.183357416408402529e-01
1.669077381392857773e-01,4.154235647752890226e-01
1.667151868602585185e-01,4.147534275943282056e-01
1.648028877791443969e-01,4.104395478418303989e-01
1.653843856387294531e-01,4.119199417482438674e-01
1.660687113924614600e-01,4.136353925088386285e-01
1.662777401468792104e-01,4.135398166261058384e-01
1.660609165970430845e-01,4.136567155177972577e-01
1.662928838367047357e-01,4.141381745948060078e-01
1.665831702606827003e-01,4.136802616776394936e-01
1.673050028155655122e-01,4.148697641315166051e-01
1.684990881698744392e-01,4.180981936512418451e-01
1.690866211404866704e-01,4.194418396981601793e-01
1.679858944031167034e-01,4.177931448694741090e-01
1.667317799074238549e-01,4.155503483038838208e-01
1.673327453373377460e-01,4.171909888802677879e-01
1.662759690945421753e-01,4.141580111999256242e-01
1.659066005337976046e-01,4.139964823637203861e-01
1.651105217897768651e-01,4.127437536664301243e-01
1.651479792303789385e-01,4.128601324027210695e-01
1.654034889266826902e-01,4.137329888408514122e-01
1.655962206694414351e-01,4.148000754278729496e-01
1.659681573150507961e-01,4.154714277043523585e-01
1.658876272942685359e-01,4.150768456420728669e-01
1.651361744528997699e-01,4.132434527465250751e-01
1.648763038782709300e-01,4.127911669763891789e-01
1.649680727073154218e-01,4.130188129408291497e-01
