4.244607704796247161e-01,1.052339261779058788e+00
4.041216622760112620e-01,1.010708956150354609e+00
4.085742476729958272e-01,1.018413120030805308e+00
4.124240577751355219e-01,1.025698902966414972e+00
4.168631167579294750e-01,1.032805786550283766e+00
4.525318000876543123e-01,1.110727236753102476e+00
4.825475162848515409e-01,1.185069284684502566e+00
4.501622275058519418e-01,1.117111769710072977e+00
5.215680818536452268e-01,1.265678984497491610e+00
4.200934918240605831e-01,1.051831699385322061e+00
4.451677080495948791e-01,1.109217525476346999e+00
4.828799859080291634e-01,1.197879546699350817e+00
5.553810284506708328e-01,1.366293523276892019e+00
5.538004006606471741e-01,1.381759332709699306e+00
5.882671041816273094e-01,1.477049654856653849e+00
5.554889479169128341e-01,1.400614347502430856e+00
5.578117003655934658e-01,1.404393282800438625e+00
6.038199445061841475e-01,1.522259235750947237e+00
6.672818014940590237e-01,1.668253562808645452e+00
6.244051864499923221e-01,1.563097175318146848e+00
6.115966142769763136e-01,1.529174663448344074e+00
6.029389388560589813e-01,1.526056936516141604e+00
6.243062747956957814e-01,1.540603446954946110e+00
5.222952566446523726e-01,1.315474515708749736e+00
5.452544370383124450e-01,1.363412777878414195e+00
5.414319327979008056e-01,1.357431881590371203e+00
5.325855812483838436e-01,1.348850918219864692e+00
5.276242156945060158e-01,1.355016328567864248e+00
4.929681119263364941e-01,1.257374571840144339e+00
5.114944420754953258e-01,1.280682993921760993e+00
5.181731716544442090e-01,1.285078283706933888e+00
5.023585004358128714e-01,1.237816894077399477e+00
5.349775378010604987e-01,1.314529699040294153e+00
5.148500839657316197e-01,1.272299008259972330e+00
5.443057661790802193e-01,1.333018092178694713e+00
5.498893723944413559e-01,1.352703550912506714e+00
5.498032448308769471e-01,1.359357124537859063e+00
5.485240371807732496e-01,1.348703761504046694e+00
5.471532700402215177e-01,1.348006826841883443e+00
5.613581355206419543e-01,1.382341292519320142e+00
5.514057820473854399e-01,1.364120045863706387e+00
5.509292823485202328e-01,1.364328106836118382e+00
5.532849870282303684e-01,1.368078815949191895e+00
5.580610901291618298e-01,1.377363846978259421e+00
5.462947829690720791e-01,1.359685530146477861e+00
5.390584229900597935e-01,1.342155802047109381e+00
5.373632064864569680e-01,1.338773307416429637e+00
5.403385280792279977e-01,1.343614926129297116e+00
5.286377906083193912e-01,1.317220255683845265e+00
5.287959486077954407e-01,1.320324127462574770e+00
5.399015316249573537e-01,1.349962509126609200e+00
5.383155996794563025e-01,1.350433039900642118e+00
5.403446740401839365e-01,1.350480990594736586e+00
5.393044334312327992e-01,1.349566499294577504e+00
5.268672460357756160e-01,1.320126563972743750e+00
5.259869033280476502e-01,1.312314301068701505e+00
5.264715504718309180e-01,1.308123383405315643e+00
5.195010330095003459e-01,1.287428391803858929e+00
5.166638822977264178e-01,1.282214578887150846e+00
5.139852854349149514e-01,1.279010525189219205e+00
5.126464065073780274e-01,1.277330476660876624e+00
5.151203813056561831e-01,1.291263576912855315e+00
5.108545114817525379e-01,1.283163820545793588e+00
5.131301753522122810e-01,1.290114225019314720e+00
5.086661343103040522e-01,1.283496434124357988e+00
5.118369824105790666e-01,1.290590248825372877e+00
5.012353821320780778e-01,1.261179716326620737e+00
4.779439475730959952e-01,1.200034049837843009e+00
4.507349370248496800e-01,1.134453465690459462e+00
4.459360319876173873e-01,1.124603362633108450e+00
4.313911300718039632e-01,1.085084744361511699e+00
4.309969081125255563e-01,1.082847529680446286e+00
4.237812304968748278e-01,1.067559994693320080e+00
4.256730688733987300e-01,1.074727792825162620e+00
4.244326705014944134e-01,1.071918555219794955e+00
4.230644360086779909e-01,1.067469670168128104e+00
4.250915382423942068e-01,1.073308750288443747e+00
4.124799734841281817e-01,1.045718810660989817e+00
4.093165099121496286e-01,1.039102810543286237e+00
3.971650695631109285e-01,1.011033199125564108e+00
3.796610040432483180e-01,9.692703938951039433e-01
3.804082305882567905e-01,9.717972939504706531e-01
3.780890323204864067e-01,9.663032171833531025e-01
3.714038765385704877e-01,9.513053182891217929e-01
3.598879689560300910e-01,9.239671767304493688e-01
3.524719249332249338e-01,9.056768457203535627e-01
3.456108506515360168e-01,8.861644283910479203e-01
3.367036036046250902e-01,8.658519059941608420e-01
3.355404569644536150e-01,8.625755084670525541e-01
3.286332003857508899e-01,8.429773849085064885e-01
3.245587610624331987e-01,8.289048936656497890e-01
3.178777193203100593e-01,8.126250277076282336e-01
3.157262866983630567e-01,8.107419180862269759e-01
3.166922967322259863e-01,8.141520254371307219e-01
3.121821770094259096e-01,8.070407006622520862e-01
3.094993832136280765e-01,7.988222847566278650e-01
3.056655584099849943e-01,7.908975598363392479e-01
2.965874255105236390e-01,7.674908266543821744e-01
2.901693704363980664e-01,7.512454215176760375e-01
2.818251485269872569e-01,7.303439619367838587e-01
2.800137208324975369e-01,7.271727287639364601e-01
2.780786281581595354e-01,7.214573560081888326e-01
2.806869725748054600e-01,7.279327689281203106e-01
2.806074309780541287e-01,7.287168744426005818e-01
2.817986153131072369e-01,7.299072220021072255e-01
2.801794607082286337e-01,7.273512298967627077e-01
2.751200761452878285e-01,7.153007825644895901e-01
2.674815889688096915e-01,6.934065771895883135e-01
2.664014123127854128e-01,6.927496088564630838e-01
2.683145935235263235e-01,6.944311306958163010e-01
2.653780516931980582e-01,6.852288665207810769e-01
2.632916874468310686e-01,6.788798922178674866e-01
2.648015885484634180e-01,6.841428091750633156e-01
2.650739903834203881e-01,6.808299942982123376e-01
2.655175893364161710e-01,6.807351086770313531e-01
2.655073612146491291e-01,6.792832994801271118e-01
2.678158243914827152e-01,6.842073214010772064e-01
2.646436829767841448e-01,6.725313219233480799e-01
2.680775506356553595e-01,6.804529846260721770e-01
2.685780469253672975e-01,6.829572734520704680e-01
2.645276497728097365e-01,6.739754784561914347e-01
2.658694291069838012e-01,6.748457169893460339e-01
2.654268671750410480e-01,6.715174961572268897e-01
2.648159481014530914e-01,6.706455442794938548e-01
2.629637751282506430e-01,6.666610121120265520e-01
2.620044259871306402e-01,6.616788916841728208e-01
2.586817264618829770e-01,6.523823766271932278e-01
2.534852550673143967e-01,6.377359268666816794e-01
2.498594334560028940e-01,6.281064651154195655e-01
2.451399272080872771e-01,6.169754094460609961e-01
2.389229728220583771e-01,6.018760934654138195e-01
2.383748975147572391e-01,6.010909592237133614e-01
2.350696839608657218e-01,5.960900097579934220e-01
2.311792322329160043e-01,5.869411108874578176e-01
2.283422393512434534e-01,5.770152339040789391e-01
2.237999319505625806e-01,5.660008002837144669e-01
2.194891173262963624e-01,5.532017374237991891e-01
2.197778788732640265e-01,5.515116043469800999e-01
2.171493462023024179e-01,5.453218035743074843e-01
2.129053437371360435e-01,5.359760800870088104e-01
2.111019880948663829e-01,5.311635256173021791e-01
2.032398065422291178e-01,5.124884951246725384e-01
2.027785868145747794e-01,5.102484743762971675e-01
2.004644986174873578e-01,5.047653634610039797e-01
1.985597866315197135e-01,4.977496038324848437e-01
1.975957606052471949e-01,4.952398759535598383e-01
1.948845255125984388e-01,4.896082316049352734e-01
1.939557463064182363e-01,4.872175321750578103e-01
1.939352805029677107e-01,4.850164064147641230e-01
1.938100968666885970e-01,4.849611391246149705e-01
1.920513986606536272e-01,4.814750747825937705e-01
1.926720925531036910e-01,4.801986028908216131e-01
1.907853581884423055e-01,4.732504764536349384e-01
1.895238817172461010e-01,4.678498156644909090e-01
1.870694318902955677e-01,4.632019356904676366e-01
1.855553170401845475e-01,4.574490742423952261e-01
1.827781346330487888e-01,4.505668019403878954e-01
1.815539008142809940e-01,4.476677282360714272e-01
1.803262486829481648e-01,4.430857416315338582e-01
1.801520272503607523e-01,4.410514336552115999e-01
1.758477576146810495e-01,4.293435270958358974e-01
1.756599400200923033e-01,4.283604254702829683e-01
1.750842894353670520e-01,4.262296642754003773e-01
1.753289180741190167e-01,4.272958045504357538e-01
1.741872434307781270e-01,4.274728168610488210e-01
1.728920193823146878e-01,4.251737335557607689e-01
1.698218878830912715e-01,4.157889168927578760e-01
1.679171078914990234e-01,4.121521332606351007e-01
1.645131483586086407e-01,4.038729268810595241e-01
1.627473666467646740e-01,4.001731325195603262e-01
1.607662272987291363e-01,3.962081953655305355e-01
1.595743822223608388e-01,3.930364505184397172e-01
1.542766528796162551e-01,3.779755991124961745e-01
1.520748139056869175e-01,3.727564259916972822e-01
1.515705091537055960e-01,3.713876111287154891e-01
1.514666979659284041e-01,3.712473985689791478e-01
1.506225115407882620e-01,3.706033918270639771e-01
1.498104254406923963e-01,3.687768217823244599e-01
1.502257066479235070e-01,3.704175178312296146e-01
1.497692204609446243e-01,3.708871146833931931e-01
1.493756739285678481e-01,3.685251601037283220e-01
1.495141536715434705e-01,3.678650389221928552e-01
1.493916593794192837e-01,3.679373011594484488e-01
1.513669590579881097e-01,3.725140712300550327e-01
1.523960832112319086e-01,3.753601624381079915e-01
1.530294011770968743e-01,3.765312509897298932e-01
1.522319136915799287e-01,3.734198672306919820e-01
1.526018025485194052e-01,3.741518467768368827e-01
1.529025334353777965e-01,3.742345654837274105e-01
1.520831430048944777e-01,3.722222604906905152e-01
1.505165518468194741e-01,3.682960019056543688e-01
1.494347077292468295e-01,3.679724719984507897e-01
1.503515468078393813e-01,3.704692205706543451e-01
1.502413381716224683e-01,3.692559647938898348e-01
1.498447032400636036e-01,3.676420243937758570e-01
1.506098601585951213e-01,3.693607769728811108e-01
1.494706562480508649e-01,3.673588592759564064e-01
1.508362559651738044e-01,3.707450014350546219e-01
1.515509122099671369e-01,3.722682474228952709e-01
1.518840919420184343e-01,3.733534680264873340e-01
1.521518428070789131e-01,3.739879368810918869e-01
1.523711745386071570e-01,3.756404377421215801e-01
1.511279205806007608e-01,3.728329394969848720e-01
1.489883915453250052e-01,3.677345519418276920e-01
1.478530215540186932e-01,3.649427334302969284e-01
1.478059918265027251e-01,3.655497450023224015e-01
1.482071920042305202e-01,3.657362074626107074e-01
1.469512644923111067e-01,3.616659824963403547e-01
1.468502200276242120e-01,3.614831917329506816e-01
