4.300103493304556768e-01,1.058267004929585919e+00
3.739509651596859552e-01,9.262553834699135402e-01
3.846835244725451686e-01,9.570749175123097752e-01
3.939358670930594997e-01,9.851365141598340536e-01
4.133181985588866847e-01,1.032830195722180600e+00
4.504999414285929538e-01,1.113513285762317118e+00
4.714888786627414174e-01,1.164268398823917305e+00
5.314263480980729870e-01,1.294492557419180123e+00
5.696246051294837631e-01,1.368041664672090540e+00
5.869307539906042370e-01,1.405494499064027458e+00
6.008202529436547090e-01,1.438376676242391516e+00
6.249254471962332191e-01,1.493980813282922204e+00
6.377761504333290254e-01,1.517197974159677054e+00
6.338542886654857655e-01,1.516599801796850944e+00
6.352447728649339709e-01,1.524599731135380942e+00
6.493644366910531485e-01,1.561220251208607745e+00
6.666520383010411388e-01,1.599019713004980137e+00
6.631318064889649699e-01,1.596100562552540181e+00
6.756187894518521642e-01,1.620778913655448461e+00
6.813375461161784719e-01,1.637052940935088241e+00
6.806744862750685465e-01,1.639681427019406890e+00
6.921004575131444181e-01,1.672442743421250544e+00
6.963699267242678959e-01,1.685678710653514711e+00
6.917909320024061559e-01,1.675608454600298503e+00
7.007503366684560975e-01,1.700261661338055896e+00
6.814543463447204630e-01,1.655823203207248628e+00
6.784939280271837792e-01,1.654116461436945018e+00
6.682545489777226289e-01,1.629732307196991803e+00
6.661725401958350501e-01,1.629223517864878401e+00
6.700818406693486162e-01,1.642538721646353395e+00
6.633212853682878274e-01,1.627575922578726075e+00
6.651900132207063665e-01,1.632553488410959819e+00
6.642141346761387677e-01,1.630353031999431490e+00
6.661731543734090710e-01,1.633612142698600334e+00
6.630618517305135740e-01,1.626328466968413489e+00
6.621695137006364806e-01,1.626347592960468047e+00
6.671722692175541258e-01,1.638806011539498675e+00
6.636540119352830613e-01,1.631651015552300743e+00
6.590430740947514909e-01,1.621176133034991640e+00
6.528904325409101705e-01,1.605287896828746730e+00
6.510296104654100802e-01,1.600920605628913584e+00
6.441752574237840090e-01,1.585632900102971199e+00
6.453983853906355428e-01,1.588800952484101359e+00
6.426830027513112942e-01,1.582098961205927745e+00
6.365012147294549782e-01,1.567400240305570014e+00
6.388606029290796462e-01,1.573226003882702839e+00
6.360500140691923709e-01,1.566144864182629437e+00
6.395666776462602954e-01,1.573530478367707985e+00
6.428996478728802311e-01,1.581057161583518944e+00
6.388631565054525563e-01,1.571090382572158717e+00
6.422332432874862107e-01,1.579858593769104758e+00
6.408911202237680405e-01,1.577103756113370281e+00
6.439092892244425714e-01,1.584328818841087561e+00
6.502222099308037073e-01,1.601509074563174373e+00
6.528561315925633934e-01,1.608946593637156974e+00
6.498814142326320153e-01,1.601870900610827597e+00
6.496352141985130002e-01,1.601105148582081750e+00
6.454604541037384235e-01,1.590638115654166018e+00
6.454974041352252723e-01,1.591331299917072561e+00
6.448141084260885503e-01,1.587816605531100267e+00
6.512626316086895795e-01,1.604404702142758543e+00
6.535752861756043419e-01,1.611341027931339820e+00
6.547034611019988404e-01,1.614616658897732426e+00
6.544320188459010756e-01,1.612431765917555992e+00
6.466491420887083841e-01,1.593614023805177471e+00
6.474918107890005325e-01,1.596719518364133172e+00
6.446551619095312047e-01,1.590863225543377224e+00
6.436833274014439610e-01,1.589447806447757738e+00
6.372377647685267821e-01,1.573085102110512334e+00
6.344160921171881906e-01,1.565941870353577459e+00
6.355761598467540852e-01,1.568429492263721414e+00
6.339808391154041489e-01,1.564633537635450100e+00
6.265288924802202564e-01,1.547572043771474837e+00
6.250931742582247486e-01,1.545647249522245970e+00
6.245523857903907405e-01,1.545156330552467594e+00
6.270337802984882192e-01,1.551989719517880451e+00
6.315501912070119461e-01,1.563505078934373183e+00
6.298988864731402959e-01,1.559987505382743000e+00
6.268930933809271355e-01,1.552922057273884882e+00
6.261472911280917542e-01,1.551667403262959377e+00
6.332108800652170855e-01,1.570129424667127793e+00
6.347919955812525439e-01,1.573583335769624059e+00
6.324884789845921507e-01,1.568757701736835042e+00
6.266357083789411142e-01,1.554661686435115264e+00
6.265251485681178067e-01,1.554890398555987430e+00
6.223679941559175921e-01,1.544700724768695688e+00
6.203882363996251481e-01,1.539926296212746237e+00
6.160147492131864411e-01,1.529422715384977094e+00
6.136044590674326615e-01,1.523760615340783442e+00
6.133656575479898843e-01,1.523162650314711763e+00
6.131230537052787533e-01,1.522660085424597298e+00
6.094961437959492967e-01,1.513863167586533276e+00
6.056647318571445338e-01,1.504139514078073114e+00
6.057398008505119336e-01,1.502409748788130495e+00
6.073337986694680168e-01,1.505437587284219836e+00
6.074252198904538380e-01,1.506104856055280550e+00
6.093883882433117627e-01,1.511202020297553572e+00
6.063144338230860297e-01,1.504534362853293450e+00
6.016091820119812139e-01,1.493173630887723036e+00
6.011502509922267423e-01,1.491058067987615310e+00
6.015610997510714153e-01,1.491305066000622181e+00
6.036020021873399477e-01,1.496237647919367753e+00
6.087300413573994984e-01,1.509613788791573263e+00
6.072666790275853543e-01,1.505706066746384408e+00
6.071073293764728263e-01,1.506757653117066553e+00
6.086104956726777759e-01,1.511006197428400144e+00
6.085353724908399986e-01,1.510744287871075064e+00
6.049076904279935274e-01,1.502886647768714390e+00
6.085700058437208959e-01,1.511523089706416911e+00
6.076762519478264846e-01,1.511857194242958391e+00
6.026442815662196306e-01,1.499331683656615732e+00
5.968577959586071069e-01,1.484318386651377608e+00
5.987284781281591028e-01,1.488994711072557209e+00
5.968529047474523397e-01,1.485099120698218700e+00
5.929378005173019384e-01,1.475902741404184537e+00
5.884436569175536258e-01,1.464593412262376715e+00
5.877447427110946698e-01,1.462504658270590063e+00
5.862558526737690068e-01,1.459477553845268449e+00
5.854112862855092025e-01,1.456513288541218198e+00
5.853191681482772246e-01,1.456253338690047139e+00
5.846389309137599577e-01,1.455501065018351969e+00
5.824133449883508451e-01,1.450887003087899974e+00
5.831230561307020333e-01,1.452100536564160604e+00
5.839864396933405200e-01,1.454555515714993197e+00
5.838732849079435461e-01,1.453261245687172742e+00
5.853182645417180918e-01,1.456530033203002672e+00
5.866978695932915100e-01,1.459580718186722859e+00
5.870296828125536326e-01,1.460894622525460873e+00
5.827744683867897013e-01,1.450764390311194196e+00
5.822626785781470637e-01,1.449677676496923251e+00
5.795283468396589255e-01,1.443528930229320828e+00
5.767919143423922979e-01,1.437287499591143769e+00
5.735671848366817871e-01,1.429274016752258625e+00
5.756528670460553387e-01,1.434954184122294585e+00
5.712235331638687574e-01,1.424761048993014700e+00
5.662129280184082791e-01,1.413240056570981729e+00
5.687890592733272355e-01,1.419278658970426044e+00
5.678356771418167082e-01,1.417180733830973649e+00
5.631720968328541854e-01,1.406104539312366564e+00
5.623311829767523307e-01,1.404911154492460845e+00
5.636956971981872400e-01,1.408468928401702014e+00
5.629477308820924897e-01,1.406895702671904003e+00
5.623962916487866837e-01,1.405405773605616693e+00
5.567193918141720710e-01,1.392022767955994222e+00
5.578598194570737467e-01,1.394749996194843966e+00
5.599831368915888508e-01,1.399911338527025206e+00
5.599713714884494431e-01,1.399737541790875950e+00
5.615107502169155440e-01,1.403264821723943401e+00
5.595585029064114035e-01,1.398169247326781273e+00
5.577265686392772759e-01,1.393964851679642125e+00
5.541717667671649528e-01,1.385651435338173254e+00
5.547929520270844517e-01,1.387640946461082381e+00
5.534497411920248355e-01,1.384121941310816783e+00
5.543664637344712931e-01,1.386462951975789393e+00
5.549137061557010142e-01,1.387578791601634220e+00
5.563024302967871648e-01,1.390670433390086114e+00
5.562346946003242643e-01,1.390431433517545168e+00
5.567505643932220138e-01,1.393092306590402840e+00
5.578839507850889001e-01,1.395660551213932399e+00
5.610760148942394165e-01,1.403229029965948671e+00
5.577825052912503967e-01,1.396280962402457693e+00
5.590390047530152673e-01,1.399192685838516637e+00
5.545000271363171862e-01,1.388813527292366512e+00
5.532798373611633735e-01,1.385694812404624887e+00
5.526567326978881756e-01,1.384246334786021437e+00
5.543980073984989820e-01,1.388582437637727152e+00
5.530284043099742419e-01,1.384327556235400269e+00
5.514827290349529898e-01,1.380385346150882375e+00
5.498609511585951237e-01,1.376741569465177673e+00
5.426519361205327519e-01,1.360405488952737052e+00
5.421667415727442485e-01,1.358740126145759897e+00
5.407995268499296015e-01,1.355115852259673792e+00
5.389760989251936030e-01,1.350985447876066115e+00
5.348478268852149276e-01,1.341328030473934563e+00
5.375994437221907063e-01,1.347401105642267893e+00
5.408228372392752670e-01,1.354804600508930035e+00
5.404920985657222232e-01,1.354503045808729267e+00
5.397904569257229168e-01,1.353205976816628242e+00
5.429480982360780361e-01,1.360208606601803760e+00
5.401021859976509187e-01,1.353452823331731558e+00
5.368774486496212806e-01,1.345580667383041273e+00
5.408361496591344020e-01,1.355375107573768778e+00
5.389155366055103924e-01,1.351121258711076356e+00
5.366429049868831624e-01,1.346057588746236489e+00
5.358717541183527500e-01,1.343861406501758449e+00
5.355457524945124170e-01,1.343510394279967990e+00
5.356548513282790580e-01,1.344235960837178112e+00
5.369671562890504513e-01,1.346961612086520210e+00
5.345458761221010269e-01,1.341400880188321931e+00
5.334796707122146930e-01,1.339564368767302893e+00
5.300270166275405925e-01,1.331241718468376911e+00
5.302967361168593463e-01,1.332602969615588551e+00
5.318306797923095797e-01,1.335977023260458862e+00
5.328478370101481509e-01,1.338556339880441648e+00
5.331527852742512508e-01,1.339220881064626001e+00
5.360891288665646792e-01,1.345860753164749068e+00
5.368925569778506546e-01,1.348490697331413468e+00
5.389717965732586658e-01,1.353569580258288552e+00
5.390952237149746473e-01,1.354056258205594387e+00
5.375131724370137976e-01,1.350380187167044888e+00
5.383374272654273263e-01,1.351823864444355650e+00
5.378154922643930691e-01,1.350192108282638470e+00
5.369071902648185901e-01,1.347952227876918707e+00
5.397854024619377356e-01,1.354850897764702689e+00
5.386212575022136795e-01,1.351434747474460130e+00
5.379961296001499749e-01,1.349939759698159047e+00
5.410275122498765521e-01,1.357336255008502635e+00
5.449190819814165865e-01,1.366599591998274299e+00
5.461207251161279697e-01,1.369964434983642398e+00
5.486346610175424354e-01,1.375509125162264645e+00
5.523796597549990306e-01,1.384791447383699525e+00
5.524155454922367037e-01,1.384326498658340565e+00
5.531942016161709441e-01,1.386668481814675280e+00
5.509499281398589909e-01,1.381481055277444359e+00
5.497657168195865252e-01,1.378779037548137021e+00
5.491897133272717335e-01,1.377441083362707319e+00
5.479176224627425595e-01,1.374275957771408541e+00
5.474353435736748485e-01,1.373313024725057785e+00
5.466198719439369080e-01,1.371637134087915655e+00
5.456918417243474817e-01,1.369240108283366952e+00
5.450093084264051591e-01,1.367824063451834604e+00
5.453420188200572838e-01,1.368430018653542524e+00
5.441345285016481181e-01,1.365559910121277198e+00
5.452794637628518570e-01,1.368255349499549300e+00
5.468244133999556889e-01,1.372266812471939490e+00
5.497912039210147706e-01,1.379968542065773907e+00
5.478167651634477942e-01,1.376033765044732293e+00
5.484649824065199741e-01,1.377797683313554788e+00
5.471833860161378071e-01,1.374362869203021642e+00
5.455538558416572759e-01,1.370753081287633179e+00
5.433730187157720382e-01,1.365652324634611503e+00
5.399643008663267407e-01,1.357796514673464072e+00
5.404120478283345186e-01,1.358552579461550724e+00
5.383179297221198922e-01,1.354230366150585230e+00
5.369755730436321928e-01,1.351547242643399649e+00
5.355777409995953198e-01,1.347936084527346035e+00
5.359685607086616121e-01,1.349184882069778268e+00
5.373026434985197497e-01,1.352204390163841863e+00
5.372002167562532904e-01,1.351986659392929502e+00
5.392434796113935169e-01,1.357522269885900856e+00
5.409688134605111776e-01,1.361173175901304377e+00
5.417415831023904005e-01,1.362931562741964253e+00
5.434793192326600186e-01,1.367317193427534328e+00
5.417512574350586974e-01,1.363052371460216738e+00
5.399162547518675526e-01,1.358492912562484944e+00
5.375650150690928220e-01,1.352852377430838082e+00
5.375070136779999119e-01,1.352565828116526259e+00
5.367265255589815931e-01,1.350415402473547521e+00
5.368134116029638081e-01,1.350265546310629672e+00
5.351909111990810208e-01,1.346702833938469901e+00
5.342914147133287495e-01,1.344338858399829029e+00
5.340181709877341865e-01,1.343711337654348137e+00
5.332225347429370155e-01,1.341650750311294438e+00
5.362672042287813801e-01,1.348874340320733500e+00
5.380109749535340047e-01,1.353073467672720964e+00
5.398059393823422258e-01,1.357503629956783087e+00
5.453930534721982415e-01,1.370719589319218779e+00
5.457015776668561191e-01,1.370928945323737658e+00
5.460445051474108746e-01,1.371613064862216236e+00
5.446780629527462336e-01,1.368522059547837122e+00
5.444175950310635725e-01,1.367902008719785956e+00
5.459188956847205176e-01,1.371598639304230760e+00
5.411397679996843291e-01,1.360400490783874705e+00
5.376638238938455938e-01,1.352076993114621928e+00
5.369009289032089516e-01,1.350060502545453511e+00
5.349802970273778158e-01,1.345319651251042581e+00
5.363120694102975206e-01,1.348573725621219355e+00
5.381665053803352805e-01,1.353389472863597343e+00
5.382104096972765150e-01,1.353596493103153442e+00
5.354592686940899959e-01,1.346929508612447757e+00
5.356662500301824226e-01,1.348035375234699851e+00
5.365747636248410224e-01,1.349999104996546517e+00
5.391720858896139612e-01,1.356668846412524498e+00
5.386617265669364496e-01,1.355333755311297184e+00
5.383301690250136273e-01,1.354657552504761053e+00
5.365631563986965613e-01,1.350463705772092515e+00
5.380341695984595107e-01,1.353483263395341751e+00
5.395365648664255387e-01,1.357540606970871311e+00
5.423451327674030376e-01,1.364237656438578750e+00
5.451421728653851329e-01,1.370589948964138882e+00
5.476811869536051258e-01,1.376313359417818294e+00
5.490431716461523504e-01,1.379475098741764771e+00
5.495706017293113810e-01,1.380220725011819694e+00
5.471313490801933410e-01,1.374499587328917638e+00
5.474254504558342393e-01,1.375046391607049667e+00
5.470491723701831344e-01,1.374501582898113750e+00
5.466276364304575308e-01,1.373011086152966076e+00
5.425298236797505558e-01,1.363273300710105662e+00
5.407311991353204172e-01,1.359411367947163551e+00
5.419211302251220053e-01,1.362302751932467526e+00
5.404655682159500429e-01,1.358656502558607482e+00
5.406912198945459380e-01,1.359346659945787517e+00
5.398927827745521046e-01,1.357668105762326549e+00
5.419616475385695686e-01,1.362171329782700058e+00
5.418315063899170614e-01,1.362190608973619543e+00
5.424062414111752162e-01,1.364067022142401164e+00
5.428869366768793725e-01,1.365210284283112641e+00
5.442055722367838966e-01,1.368674648632209889e+00
5.449542821738203591e-01,1.370398602379133246e+00
5.435705607787379989e-01,1.366756155989850230e+00
5.436408175236436824e-01,1.366837237197960908e+00
5.425467985506831070e-01,1.364191323516073640e+00
5.419989257102192370e-01,1.362347236862338162e+00
5.431301717445610189e-01,1.365314557662261175e+00
5.414839732023013497e-01,1.360966328420081251e+00
5.402191263883783234e-01,1.357703536738807282e+00
5.376205289400626253e-01,1.351559599784237120e+00
5.398989743020884413e-01,1.356805449594957080e+00
5.406843934487428616e-01,1.359329228631863229e+00
5.406192540891692211e-01,1.359273471686631707e+00
5.398730714340344017e-01,1.357278757563175731e+00
5.398273482179062333e-01,1.356997739607770814e+00
5.423215203346545277e-01,1.363008132208657353e+00
5.430235506596342576e-01,1.364651519560627024e+00
5.426999717244957999e-01,1.364160470066396069e+00
5.451289335675606473e-01,1.370211854458091683e+00
5.451724767676919825e-01,1.370715762160675144e+00
5.428018442717494896e-01,1.364718953157037395e+00
5.405956287352438050e-01,1.359639113747265426e+00
5.409209473603363572e-01,1.360480159604725348e+00
5.398190313537772900e-01,1.357694697775380988e+00
5.364352794112080547e-01,1.349575354920458992e+00
5.355855439277454888e-01,1.347597307813433565e+00
5.372419084621484764e-01,1.351657012762246923e+00
5.365478832401909814e-01,1.349964423275084924e+00
5.350961838834972228e-01,1.346079618005394885e+00
5.341134792420999533e-01,1.343389621249254651e+00
5.354910796034024756e-01,1.346636822643733078e+00
5.363420341371781808e-01,1.348629840462929996e+00
5.323322857484479309e-01,1.339141783456315959e+00
5.304531079441414665e-01,1.334544112957470219e+00
5.309001561498823962e-01,1.335499468770383391e+00
5.313768990998934960e-01,1.336461892915997041e+00
5.317669769001509561e-01,1.337882558177841519e+00
5.308620810308951610e-01,1.335905346411492944e+00
5.319959148070122490e-01,1.338788825319304987e+00
5.315110913850620289e-01,1.337784460104917139e+00
5.333384942492475078e-01,1.342531621218344684e+00
5.346092432740637834e-01,1.345671053843858544e+00
5.322168954095829463e-01,1.339690379968847989e+00
5.319569082542049410e-01,1.338871095401956701e+00
5.332926981533151478e-01,1.341885708067062533e+00
5.317633273688140427e-01,1.337762742883416012e+00
5.300293452321221954e-01,1.333223038929121307e+00
5.316577810055748143e-01,1.336910205693938369e+00
5.338690666199769064e-01,1.341924252419699481e+00
5.356023430080808501e-01,1.345748546903215104e+00
5.348727632063444704e-01,1.343158063475116570e+00
5.370992937839010883e-01,1.348591842625329384e+00
5.397202104987107729e-01,1.355016007920238907e+00
5.372006251412445588e-01,1.348750235596303026e+00
5.357715427966956989e-01,1.344908615358233028e+00
5.358772522225584423e-01,1.345188689455675934e+00
5.333775670884468578e-01,1.339069066295105248e+00
5.318345769901788866e-01,1.335245912343850927e+00
5.316829919013011940e-01,1.334356059745651191e+00
5.319168715820713489e-01,1.334983411019550870e+00
5.288099232714400522e-01,1.327184552757492808e+00
5.312052922384501441e-01,1.333325285153924344e+00
5.306314245801593277e-01,1.332026569527245963e+00
5.324505441444536968e-01,1.336055342477752372e+00
5.328803528421455216e-01,1.336992942127103845e+00
5.323463829324616148e-01,1.335597129012408901e+00
5.304467103118453153e-01,1.330959029051332010e+00
5.304768879209388333e-01,1.330762699046560193e+00
5.298383407033713244e-01,1.329123752375489520e+00
5.294013942374256043e-01,1.327854918819340924e+00
5.299319013519525612e-01,1.328660943934129701e+00
5.300442553214922414e-01,1.328806235769037114e+00
5.307939080168926349e-01,1.330542716395392899e+00
5.315782335298885330e-01,1.332379053489662679e+00
5.316131745957314303e-01,1.332067770148720687e+00
5.322567709880158260e-01,1.333199384663914744e+00
5.326719947221729701e-01,1.334117961002319941e+00
5.346446675922793546e-01,1.338959294042188830e+00
5.358933163572687786e-01,1.341723276510465190e+00
5.345442138925944331e-01,1.338324911347401391e+00
5.337266128883763061e-01,1.336131977398552495e+00
5.346752851070251111e-01,1.338540493670079323e+00
5.340186708033849428e-01,1.336993429122770971e+00
5.350149265902635065e-01,1.339241465686876520e+00
5.335465651676679633e-01,1.335830707740895296e+00
5.330356723132910757e-01,1.334570931361689583e+00
5.330701355924439833e-01,1.335291359435625491e+00
5.335039354745775286e-01,1.336216507672199016e+00
5.319585836751530294e-01,1.332711238655001740e+00
5.305521625038954747e-01,1.329081160914365567e+00
5.303668158193546311e-01,1.328831213963463487e+00
5.290683909187204881e-01,1.325506931112620856e+00
5.291805464969859818e-01,1.325387377200384575e+00
5.273807841534219332e-01,1.320438084137660617e+00
5.279294516380992341e-01,1.322067023342577974e+00
5.278223092459977117e-01,1.321579117516634039e+00
5.261795227787696705e-01,1.317438857707749822e+00
5.239115817434928379e-01,1.312129234705520897e+00
5.221800621148237065e-01,1.308150017814079913e+00
5.237606842021996778e-01,1.312170913577956233e+00
5.212754116653665060e-01,1.306366194879351239e+00
5.204274894612025415e-01,1.304208235351276279e+00
5.204184537516460818e-01,1.304400318626375954e+00
5.231269473238687739e-01,1.311075757961913446e+00
5.244499899424308609e-01,1.313925516636971880e+00
5.224960848879645070e-01,1.310049584083143204e+00
5.214559106143142886e-01,1.307194625227586782e+00
5.222813823072195438e-01,1.308803928058831056e+00
5.234215612794242967e-01,1.311845255111577346e+00
5.245890647174852317e-01,1.314550101938297466e+00
5.236105735589435817e-01,1.311926589109001728e+00
5.237235380450379063e-01,1.312313054746767405e+00
5.265131804460301268e-01,1.318987595726391904e+00
5.280259757907957985e-01,1.322187008960844068e+00
5.284436404749678351e-01,1.323136416193685161e+00
5.304903701213797840e-01,1.328060121771435842e+00
5.310080686532819838e-01,1.329599879616671254e+00
5.324998229035506903e-01,1.333207821729023967e+00
5.298613223346462231e-01,1.327002255019748667e+00
5.291878410813838363e-01,1.325493608494891395e+00
5.281928229970449529e-01,1.323468406971510358e+00
5.286591875612338676e-01,1.324729313277472453e+00
5.252240626505479959e-01,1.316759094507497396e+00
5.255557204981918806e-01,1.317549826118523004e+00
5.247992662559276544e-01,1.315821290229628682e+00
5.211550918499897600e-01,1.307227770926750576e+00
5.184662914976866377e-01,1.300147059237425129e+00
5.176667317466028262e-01,1.298273412652729331e+00
5.161111763456254220e-01,1.294711032345582602e+00
5.163491418856160919e-01,1.295288780971142417e+00
5.167904714556942336e-01,1.296153348786823756e+00
5.168534735930591095e-01,1.296550658559722180e+00
5.176230977140848788e-01,1.297861033455659507e+00
5.175136985826352953e-01,1.297397956434700017e+00
5.177113045226544585e-01,1.297984509929433372e+00
5.179331540197260608e-01,1.298537327023113974e+00
5.186315162754744357e-01,1.300498022569606116e+00
5.173707704062079360e-01,1.297719956100883199e+00
5.171812012909232648e-01,1.297491741907993212e+00
5.165197565267288793e-01,1.295960062573982885e+00
5.144126050692218177e-01,1.291010176810137633e+00
5.116954342389082866e-01,1.284394056928827466e+00
5.122636683215432418e-01,1.285690979958250546e+00
5.124785653096273208e-01,1.286137096754671250e+00
5.110862460447813671e-01,1.282831938029784125e+00
5.100749576089045334e-01,1.280584672183626260e+00
5.093375990343546045e-01,1.278974319700925566e+00
5.088561580240417159e-01,1.277730059591988043e+00
5.076083770241863746e-01,1.274412834285546525e+00
5.075996041280140814e-01,1.274407069160014228e+00
5.073186359721759686e-01,1.273858276444258308e+00
5.076899109066426163e-01,1.274622593563760287e+00
5.072121462640869494e-01,1.273615653461433128e+00
5.067952088310659908e-01,1.272489487490298776e+00
5.103113208839559212e-01,1.280540935933144775e+00
5.116618259403860058e-01,1.283582588858554807e+00
5.115673885685598776e-01,1.283238142831180317e+00
5.124541468262213684e-01,1.285495751016027199e+00
5.135097231831374787e-01,1.287593077679651810e+00
5.152641605911617573e-01,1.291854827791790283e+00
5.148662259102981809e-01,1.290982269988202091e+00
5.191116777631714641e-01,1.301310797885227633e+00
5.182778605183647747e-01,1.299311564302886524e+00
5.154788191763961525e-01,1.292338009791828224e+00
5.158380742931955032e-01,1.292877418484794649e+00
5.182615666813970012e-01,1.298398406707169439e+00
5.191303774749937983e-01,1.300432036758607746e+00
5.189794917929090312e-01,1.300057503049251384e+00
5.183924320415631559e-01,1.298230683162695520e+00
5.192949913361204484e-01,1.300389365169845490e+00
5.168287759719083496e-01,1.294046385728756965e+00
5.152490446809204760e-01,1.290273001261191155e+00
5.142345074603551502e-01,1.288075014426512066e+00
5.149713273402959368e-01,1.290055611673062153e+00
5.137289565491492960e-01,1.287116760609075428e+00
5.146307936797884786e-01,1.289297618980095095e+00
5.139304826719494068e-01,1.288347910093618820e+00
5.134944177200679860e-01,1.287032996308080879e+00
5.147391935912618566e-01,1.290129890651211308e+00
5.161835737409676828e-01,1.293410192945321446e+00
5.162515148740092208e-01,1.293424134102185930e+00
5.151783809845226214e-01,1.291132877994687123e+00
5.152542998187205070e-01,1.291351226644884553e+00
5.143444923634913346e-01,1.289373324405812538e+00
5.148794734060876399e-01,1.290961683453446751e+00
5.150775311488771102e-01,1.291373874429620150e+00
5.173369820388395990e-01,1.296950904147536887e+00
5.169280697385978396e-01,1.296316238655304431e+00
5.161150425246898710e-01,1.294532388840196280e+00
5.172721297505811222e-01,1.297643432943255348e+00
5.177554995048824216e-01,1.298579758708916065e+00
5.172642148150828900e-01,1.297335538797462995e+00
5.169782500677196913e-01,1.296499804720841587e+00
5.175966890186944891e-01,1.298124542029791328e+00
5.168573035977358510e-01,1.296525825583601632e+00
5.172685310239099055e-01,1.297818170458014508e+00
5.170276794704720125e-01,1.297185028452296995e+00
5.174130230332389946e-01,1.298199386437721703e+00
5.174978642265931628e-01,1.298717125406421147e+00
5.166543309848543597e-01,1.296194551147047402e+00
5.156056626798244391e-01,1.293522173324439306e+00
5.144870849973410820e-01,1.290910092915925178e+00
5.165960022857074563e-01,1.296091180620255079e+00
5.171693357436534244e-01,1.297516827415310825e+00
5.174971067318715479e-01,1.298225863299311555e+00
5.177656910889207875e-01,1.298531917482012021e+00
5.169116649302024635e-01,1.296576321895041017e+00
5.157520513599803680e-01,1.293876849177725274e+00
5.150008695127354930e-01,1.292247679458825793e+00
5.152422226867278132e-01,1.292976685338898202e+00
5.144058024269834162e-01,1.291268327115116410e+00
5.142140093991625083e-01,1.291220587339780845e+00
5.148471724442768016e-01,1.292985240554308302e+00
5.152331607076342523e-01,1.293989998119555507e+00
5.152706607222097279e-01,1.294138510266885644e+00
5.160746637764638267e-01,1.296344070277715588e+00
5.152847342132438335e-01,1.294967911996161236e+00
5.126426269878635589e-01,1.288857723798425781e+00
5.087960088055277774e-01,1.279790564543776821e+00
5.095179682637485108e-01,1.281507839884171496e+00
5.083912213923017509e-01,1.279105365861736621e+00
5.053713533117240031e-01,1.271800057955859042e+00
5.037206555741942093e-01,1.267531772969543447e+00
5.042511981381069264e-01,1.268280645454751721e+00
5.036045558529085309e-01,1.266856204610260717e+00
5.022645056653978202e-01,1.263126231980488789e+00
5.016757861016535314e-01,1.261919366598090786e+00
5.017344914819253932e-01,1.262166941946422538e+00
