7.640259752229822121e-01,1.886587532166200898e+00
5.697465010627414950e-01,1.385801563442061513e+00
4.509897686500802805e-01,1.110670335599076131e+00
4.151255826253851255e-01,1.031565631180273224e+00
4.055483985960713356e-01,1.012822203587301351e+00
3.987207507662314798e-01,1.001543928093624691e+00
3.973908398223447991e-01,1.000068245560164826e+00
3.974497145728261849e-01,1.000102471120583036e+00
3.973645870459604490e-01,1.000055011641450831e+00
3.973266695912773816e-01,1.000037425036522709e+00
3.973893767875957828e-01,1.000067107101544561e+00
3.973721665990876950e-01,1.000058009464657838e+00
3.973090663725137861e-01,1.000030387837172130e+00
3.973944992068613180e-01,1.000069683481904281e+00
3.973805033100176187e-01,1.000062177793186180e+00
3.974084502127639973e-01,1.000077019205363626e+00
3.973710477275180786e-01,1.000057425693411384e+00
3.973699182940054198e-01,1.000056921290523260e+00
3.973509681727583343e-01,1.000047919587646827e+00
3.973814581674862123e-01,1.000062909920256482e+00
3.973760076594877177e-01,1.000060112517055178e+00
3.973784135503101167e-01,1.000061396913008993e+00
3.972799391941975733e-01,1.000020645515652840e+00
3.973339007939989398e-01,1.000040535020140009e+00
3.973746417028236610e-01,1.000059475791895469e+00
3.973453920032675168e-01,1.000045360845927434e+00
3.973575058360211409e-01,1.000050972426076878e+00
3.973424714621002773e-01,1.000044146545624901e+00
3.973752433610486801e-01,1.000059694617496886e+00
3.973226625080997776e-01,1.000035679534292621e+00
3.973422651138002748e-01,1.000044054262196891e+00
3.972812550114344643e-01,1.000020871388185739e+00
3.973840899628925394e-01,1.000064281354027251e+00
3.973970181450766082e-01,1.000071289505832350e+00
3.973404516722853219e-01,1.000043211962304390e+00
3.973421529795820861e-01,1.000043960564586110e+00
3.973474657352860095e-01,1.000046516615723080e+00
3.973611789436062303e-01,1.000053021542184117e+00
3.973536511499993207e-01,1.000049485528881066e+00
3.974083602276317628e-01,1.000077657683950294e+00
3.973568675745837164e-01,1.000050998888352805e+00
3.973275384571249291e-01,1.000037932159163034e+00
3.973685563368130058e-01,1.000056520686186001e+00
3.973611104775778835e-01,1.000052869610082551e+00
3.973167223976720175e-01,1.000033477340738886e+00
3.973581008006445425e-01,1.000051336940239510e+00
3.973307331617768057e-01,1.000039050400128637e+00
3.973835629833269434e-01,1.000063892553135103e+00
3.973391628052885816e-01,1.000042506513173945e+00
3.973258993174726972e-01,1.000036883549701328e+00
3.973412286396916238e-01,1.000043498037570311e+00
3.973466656844909517e-01,1.000046070026813227e+00
3.973216166224177170e-01,1.000035400548444642e+00
3.973476689945752427e-01,1.000046538238855476e+00
3.973498404037053566e-01,1.000047463227213607e+00
3.972941130661964415e-01,1.000025125972715534e+00
3.973538415004126412e-01,1.000049301646995348e+00
3.973705558863807052e-01,1.000057305824366471e+00
3.973331438850457586e-01,1.000040038452779445e+00
3.973530506123415518e-01,1.000048805335769231e+00
3.972992301174998464e-01,1.000026840276079687e+00
3.973285977106387756e-01,1.000038256972156425e+00
3.973378026868994439e-01,1.000042080082640839e+00
3.973051603072881854e-01,1.000029073163792637e+00
3.973401441048677318e-01,1.000043084156285067e+00
3.973534861315600186e-01,1.000049088145377851e+00
3.973168468447197399e-01,1.000033423926135701e+00
3.974045759326415572e-01,1.000075322880809248e+00
3.972797288881491640e-01,1.000020355916739767e+00
3.972951236808300313e-01,1.000025440121540932e+00
3.973722657678055992e-01,1.000058189028850908e+00
3.973301516320402738e-01,1.000038836664028929e+00
3.973204924907381419e-01,1.000034960204727374e+00
3.973259012278015923e-01,1.000036987492631813e+00
3.973456513505275178e-01,1.000045465344857831e+00
3.973181638421285911e-01,1.000033941979202812e+00
3.973403760518725014e-01,1.000043147204930483e+00
3.973686299053358906e-01,1.000056257606427579e+00
3.973355894129569355e-01,1.000041012990880107e+00
3.973660466385412482e-01,1.000054922726093087e+00
3.973668945086527016e-01,1.000055322091521148e+00
3.973803138074803454e-01,1.000062045777242226e+00
3.973408466826970908e-01,1.000043160666691744e+00
3.973460172977144600e-01,1.000045506055676769e+00
3.973469061206872377e-01,1.000045938323790740e+00
3.973933177185582921e-01,1.000068952431276914e+00
3.974208064620923242e-01,1.000084342918052593e+00
3.973807475489902763e-01,1.000062274534198048e+00
3.973439811017210332e-01,1.000044595304742101e+00
3.973509007122213998e-01,1.000047809609221572e+00
3.974123261978458888e-01,1.000079512154735673e+00
3.973282717268760145e-01,1.000037884496646434e+00
3.973719792601990708e-01,1.000057909443338389e+00
3.973984636888426292e-01,1.000071814693581196e+00
3.973547819842211393e-01,1.000049566112767963e+00
3.973145112327473027e-01,1.000032473170628267e+00
3.974375767152122374e-01,1.000094424616639666e+00
3.973914359701204435e-01,1.000068027046926877e+00
3.973608515430800403e-01,1.000052535835613154e+00
3.973781530720519872e-01,1.000061130003405463e+00
3.973745639306831556e-01,1.000059364637567727e+00
3.973927514938044858e-01,1.000068948367211386e+00
3.973978721395653446e-01,1.000071726423700458e+00
3.973719284844923205e-01,1.000058099277933099e+00
3.973706165385770817e-01,1.000057435887846458e+00
3.973782823366451278e-01,1.000061278103236306e+00
3.973924527314829924e-01,1.000068805273326644e+00
3.973863622245716876e-01,1.000065526883181954e+00
3.973361202951367077e-01,1.000041518388255835e+00
3.973740084332752498e-01,1.000059275986859619e+00
3.973945164539438579e-01,1.000070090093953423e+00
3.973513284780286758e-01,1.000048369454097807e+00
3.973725665343332270e-01,1.000058626061182565e+00
3.973914035347628770e-01,1.000068472974650513e+00
3.973256616275603892e-01,1.000037231651761616e+00
3.973391986470515835e-01,1.000042919474956937e+00
3.973776375887322354e-01,1.000061186396359325e+00
3.973752352332103333e-01,1.000059949524114922e+00
3.973707486798394029e-01,1.000057717137819768e+00
3.973248178627188376e-01,1.000036906121379632e+00
3.973084460509131999e-01,1.000030525564259865e+00
3.973488250914807285e-01,1.000047287902533055e+00
3.974178663035463632e-01,1.000083174727977475e+00
3.974077922826241838e-01,1.000077495390385929e+00
3.973635937874543944e-01,1.000054282714468723e+00
3.973125485745380714e-01,1.000032113463104499e+00
3.973302427481706367e-01,1.000039159961749524e+00
3.973404037181134107e-01,1.000043515152732709e+00
3.973532307904771854e-01,1.000049284035046115e+00
3.974003751182436650e-01,1.000073285021003899e+00
3.973802436237561797e-01,1.000062444030408892e+00
3.973665277456271960e-01,1.000055504762177749e+00
3.973349273461694864e-01,1.000040975660201559e+00
3.973664518987167216e-01,1.000055447814487852e+00
3.973901260902512056e-01,1.000067589288544001e+00
3.973877145883965567e-01,1.000066264619198897e+00
3.973482510004038848e-01,1.000046807703196095e+00
3.973484719548220911e-01,1.000046899663221023e+00
3.973646385585296037e-01,1.000054521529770035e+00
3.973627256658486817e-01,1.000053578418095723e+00
3.973681622577238115e-01,1.000056211872203393e+00
3.973573819686285757e-01,1.000051013931851918e+00
3.973792608124542269e-01,1.000061803723096387e+00
3.974304989633690721e-01,1.000090327327511464e+00
3.973746254136192868e-01,1.000059431094168616e+00
3.973669585672545690e-01,1.000055625542955129e+00
3.973400784093732985e-01,1.000043130914656020e+00
3.973725933243859032e-01,1.000058395705271996e+00
3.973743304540741650e-01,1.000059270863898231e+00
3.973548146498016576e-01,1.000049789443356874e+00
3.973971168935817588e-01,1.000071309289854549e+00
3.973592660401574772e-01,1.000051858561008755e+00
3.973468505557472552e-01,1.000046095054983430e+00
3.974075771806370727e-01,1.000077043405297017e+00
3.973918793333101607e-01,1.000068461064390846e+00
3.973710924250412058e-01,1.000057649193359044e+00
3.973470416705901509e-01,1.000046223490940411e+00
3.973231464933450474e-01,1.000036024563608628e+00
3.973952602200728768e-01,1.000070329742974273e+00
3.973748027478682943e-01,1.000059570880018178e+00
3.973448830764587103e-01,1.000045330909237196e+00
3.973388704407806449e-01,1.000042641436991175e+00
3.973663260099816186e-01,1.000055355029753068e+00
3.973502706210906843e-01,1.000047750397591528e+00
3.973968372203928179e-01,1.000071250224866759e+00
3.973991248556851819e-01,1.000072496584909931e+00
3.973906894435513260e-01,1.000067955108145501e+00
3.973763858099806368e-01,1.000060459929802636e+00
3.973653128122318079e-01,1.000054939601741966e+00
3.973720683967101874e-01,1.000058309009438595e+00
3.973873609592545320e-01,1.000066225899934880e+00
3.974110153903793741e-01,1.000079171367021402e+00
3.973914809872734488e-01,1.000068407965448269e+00
3.973932768364775159e-01,1.000069394788440702e+00
3.973796535966324650e-01,1.000062151210585393e+00
3.973716955063271716e-01,1.000058106442867079e+00
3.973888813269663145e-01,1.000067022662211258e+00
3.974125453365575655e-01,1.000080058216871626e+00
3.974246169423293340e-01,1.000087025373686656e+00
