4.431770201719990587e-01,1.769880297023921134e+00
4.003474266899889056e-01,1.739702056795025653e+00
4.115918809929065558e-01,1.773676599241771124e+00
4.162464906266378772e-01,1.780144749440318419e+00
3.876659937471709783e-01,1.669909297152343486e+00
4.445682747303397186e-01,1.912320394867185192e+00
4.461945564983178514e-01,1.957961086365704206e+00
4.999076499587519762e-01,2.183487868870632731e+00
5.272550268239062365e-01,2.338113313088944878e+00
4.459989923757660679e-01,1.950281620091676604e+00
3.867562243103783715e-01,1.708762486838073302e+00
3.545127355752521470e-01,1.556604026803823482e+00
3.395178589971203920e-01,1.476206564255572840e+00
3.354670520375498399e-01,1.451727218123437968e+00
3.440180382265418668e-01,1.495262383918692040e+00
3.384453578006403340e-01,1.468344824433664320e+00
3.353596370755977385e-01,1.456981635888928928e+00
3.250059518250260071e-01,1.414547012547654026e+00
3.200642623174274615e-01,1.391755752296071069e+00
3.149904112528549849e-01,1.371337029223080872e+00
3.167322361610335202e-01,1.377902027674735130e+00
3.172910175748406836e-01,1.379953275873806673e+00
3.208594897100821020e-01,1.394292027919443289e+00
3.225638483025972114e-01,1.401013703966605739e+00
3.240992890660205905e-01,1.408024171984107342e+00
3.254985317586924221e-01,1.414244161457278715e+00
3.277651621288722450e-01,1.424713577897131600e+00
3.299270928737472741e-01,1.434768821591591026e+00
3.318326169393854830e-01,1.443834605467378518e+00
3.343382577003297107e-01,1.454858497355653757e+00
3.368891054069024227e-01,1.466670159559648301e+00
3.368611989446413379e-01,1.466014637993968917e+00
3.377794371214113966e-01,1.470310945616781106e+00
3.368117788808221436e-01,1.465761677161387055e+00
3.349881273984793850e-01,1.457860008731010737e+00
3.340658345805656571e-01,1.453857500630914013e+00
3.343312445733837568e-01,1.454684612095493934e+00
3.358749999260085550e-01,1.460844040704426083e+00
3.367048583117806526e-01,1.463902393033841731e+00
3.369681684151469847e-01,1.465063331186119200e+00
3.362784474386284472e-01,1.461958003580396293e+00
3.357335138899159577e-01,1.459194060130903026e+00
3.353836128093023450e-01,1.457297286211164389e+00
3.344618671891940176e-01,1.453535246570160977e+00
3.333744601104087768e-01,1.448968363974426632e+00
3.322487442227936572e-01,1.443984246765749102e+00
3.315352068606661762e-01,1.440958752312097468e+00
3.311186170580829868e-01,1.439032577392783452e+00
3.310432518669093049e-01,1.438371323610645236e+00
3.306688581696387574e-01,1.436336799357681215e+00
3.297198764470136156e-01,1.432188793081395461e+00
3.289871157313159489e-01,1.429085827734121850e+00
3.278721297669136558e-01,1.424381874036872997e+00
3.263420200280426897e-01,1.417900855562632678e+00
3.257079001638509830e-01,1.415153182194998527e+00
3.255796878885244272e-01,1.414717980142258913e+00
3.254782973391902590e-01,1.414100294658593882e+00
3.251023670279146738e-01,1.412361814024142515e+00
3.242569643236986043e-01,1.408925850553735870e+00
3.239839065783176042e-01,1.407693551898101525e+00
3.238207166442447216e-01,1.407098107875015769e+00
3.233225690959544707e-01,1.405194869803406466e+00
3.233352749334536536e-01,1.405174185202996417e+00
3.228268893356994740e-01,1.403175491928706942e+00
3.222534751816147902e-01,1.400969890833386300e+00
3.217886893182648755e-01,1.399226858917198557e+00
3.219055773072330706e-01,1.399658540941677964e+00
3.217488676211512355e-01,1.399101623923284521e+00
3.211422072256142068e-01,1.396716676856726957e+00
3.209379559811241789e-01,1.395843741010051264e+00
3.203846007150079056e-01,1.393690564922946296e+00
3.201300516960670639e-01,1.392752465110979720e+00
3.197822313617351142e-01,1.391471848967198888e+00
3.195201227717955894e-01,1.390483456435404941e+00
3.194139670344092186e-01,1.390020658521044172e+00
3.191805941348059283e-01,1.389143725101292803e+00
3.190143171504037922e-01,1.388590910912805398e+00
3.187361083486673907e-01,1.387677760368066782e+00
3.187077842563649233e-01,1.387619959728401353e+00
3.187855445684344424e-01,1.387928048023818306e+00
3.188405078369170309e-01,1.388173446188329052e+00
3.193402452109787015e-01,1.390027597970952877e+00
3.196929631186462561e-01,1.391399432151471549e+00
3.198311045855274370e-01,1.392023980258845217e+00
3.198923388501808129e-01,1.392283756262361560e+00
3.199397952535464329e-01,1.392453243138508379e+00
3.200890794914161286e-01,1.392986856057902845e+00
3.201170037820047498e-01,1.393031155838296842e+00
3.202369477572841738e-01,1.393420829465242816e+00
3.202242882957274661e-01,1.393348307469954639e+00
3.204483898701266376e-01,1.394170725139292966e+00
3.207475194489409764e-01,1.395268361447115524e+00
3.211586287989333655e-01,1.396884626491257553e+00
3.213966473992296846e-01,1.397797061751625769e+00
3.218272990050922155e-01,1.399340674947718188e+00
3.218592354626430008e-01,1.399441800022467541e+00
3.219326978051056942e-01,1.399674685281914854e+00
3.218406835369254648e-01,1.399412835347536133e+00
3.216018550954572452e-01,1.398460522556374208e+00
3.214808431189634108e-01,1.398029379998579458e+00
3.215080283847512321e-01,1.398114979082145659e+00
3.212872612148786056e-01,1.397294251418874644e+00
3.211217989771616987e-01,1.396668202772792577e+00
3.211421225949275815e-01,1.396707130721787538e+00
3.209257514463034755e-01,1.395929503255198156e+00
3.208468529423716964e-01,1.395631882581437555e+00
3.207858785095940579e-01,1.395373431683990750e+00
3.207943331314725977e-01,1.395406548353460563e+00
3.205989603645373331e-01,1.394669825295333565e+00
3.205818752304658292e-01,1.394601213804130602e+00
3.205409062683920451e-01,1.394442858929581419e+00
3.204046363422199395e-01,1.393980269409351491e+00
3.200053460878145573e-01,1.392555278054932844e+00
3.195386922316223455e-01,1.390950108600452095e+00
3.194541735328025878e-01,1.390687801844590732e+00
3.194264082876049904e-01,1.390594001773490795e+00
3.191842407427744610e-01,1.389777333019031502e+00
3.190537559067324613e-01,1.389352819186680632e+00
3.188030524706261248e-01,1.388493696536152955e+00
3.186351402962442347e-01,1.387923556599326202e+00
3.186079382909206004e-01,1.387837582058358610e+00
3.185362734272676466e-01,1.387606588412042985e+00
3.184720811885349834e-01,1.387400521916955176e+00
3.183876518753446794e-01,1.387080028020678535e+00
3.182950937892973786e-01,1.386765224105731775e+00
3.182320809036481846e-01,1.386537794514573596e+00
3.182035045865279632e-01,1.386429831867199480e+00
3.182189722930540698e-01,1.386473910099400353e+00
3.180824039556399141e-01,1.386013873068355551e+00
3.180393635142865771e-01,1.385874788814811298e+00
3.179356071085490121e-01,1.385551163023198473e+00
3.179438529977610117e-01,1.385603785243550323e+00
3.179077721410852320e-01,1.385499943439752357e+00
3.178347657397500026e-01,1.385256573686482806e+00
3.178513257995368990e-01,1.385320484612480474e+00
3.179339009977278363e-01,1.385578298228601124e+00
3.179299957176461300e-01,1.385562182533818021e+00
3.178887037010891814e-01,1.385441577337132690e+00
3.178215836061199506e-01,1.385223793544634097e+00
3.178648114226538812e-01,1.385386640404642211e+00
3.179051944446237288e-01,1.385519460422152571e+00
3.180673381356642349e-01,1.386064833661465601e+00
3.180826976505522485e-01,1.386131728910475314e+00
3.180921679688080150e-01,1.386164661383473495e+00
3.180743932662212226e-01,1.386148078181622223e+00
3.180290461709676109e-01,1.386001098641246321e+00
3.180021139191239743e-01,1.385910423162436844e+00
3.179734014690794308e-01,1.385832331200611112e+00
3.180018378856545591e-01,1.385929743570525563e+00
3.179816002353315074e-01,1.385865966327254784e+00
3.179862825011325334e-01,1.385891272994562051e+00
3.180049700291818215e-01,1.385963424188921822e+00
3.179518861265293594e-01,1.385797146390000067e+00
3.179223818178814054e-01,1.385746781928029803e+00
3.179640505474425893e-01,1.385865876039697797e+00
3.180503683300677231e-01,1.386160277677511043e+00
3.181055257252115021e-01,1.386344620002901928e+00
3.181590359392930667e-01,1.386533734374987725e+00
3.181559226701095588e-01,1.386559368820688309e+00
3.180558381077600028e-01,1.386223189824516533e+00
3.180654249682010604e-01,1.386293574604348766e+00
3.180591068944917943e-01,1.386267611157249391e+00
3.180724084731944012e-01,1.386292442310129047e+00
3.181104953662536872e-01,1.386458324189813851e+00
3.180840585769527662e-01,1.386376634243216444e+00
3.181258071102729956e-01,1.386546634099834252e+00
3.181054714287493423e-01,1.386493035280012665e+00
3.180625782346214736e-01,1.386394005457748158e+00
3.180322162705320754e-01,1.386270371960654835e+00
3.179930930580321391e-01,1.386159441246702650e+00
3.179711196615714330e-01,1.386089077136489101e+00
3.179672264762842815e-01,1.386123187129630230e+00
3.179412224725389202e-01,1.386077027464262645e+00
3.179430741787201975e-01,1.386069324923022927e+00
3.178714435123330961e-01,1.385845907098008700e+00
3.177956916441928570e-01,1.385587530332423656e+00
3.177545775060827138e-01,1.385463063918966009e+00
