4.046192419944163454e-01,1.013118184103537489e+00
4.080030730944992912e-01,1.017350205453354750e+00
3.977082163639129031e-01,1.000316762865273157e+00
3.973591325416029330e-01,1.000054546765443142e+00
3.972538718731348784e-01,1.000013633562170545e+00
3.972437777301922601e-01,1.000010435338277048e+00
3.974314427794497506e-01,1.000090801636631666e+00
3.974944282529702666e-01,1.000132049042108395e+00
3.975185278299443459e-01,1.000149390606519084e+00
3.975197544769562552e-01,1.000150257971428092e+00
3.975039799579597743e-01,1.000139012782741865e+00
3.975102030604324987e-01,1.000143384999536256e+00
3.974957303526684971e-01,1.000133089229082506e+00
3.975042277210464881e-01,1.000139149034834141e+00
3.973966198250159509e-01,1.000071297639722356e+00
3.974659132529549388e-01,1.000112843370493776e+00
3.974313261774908845e-01,1.000090971457749278e+00
3.974584746741257613e-01,1.000107908142530144e+00
3.974841916137049069e-01,1.000125105250394553e+00
3.975102062621332366e-01,1.000143386776848331e+00
3.974670977306120068e-01,1.000113526379775353e+00
3.974865677126357966e-01,1.000126762872648234e+00
3.974678298552088429e-01,1.000114082329857546e+00
3.974573745806269653e-01,1.000107240266346009e+00
3.974751712605856246e-01,1.000119003865308942e+00
3.975022075980927938e-01,1.000137868943809183e+00
3.974764217809341749e-01,1.000119907867667912e+00
3.974468902866409858e-01,1.000100678721962177e+00
3.974783668600522235e-01,1.000121226242189465e+00
3.974632005721829842e-01,1.000111159346926071e+00
3.974971807504983912e-01,1.000134394063065812e+00
3.974806629954405479e-01,1.000122887535716210e+00
3.974509709571298899e-01,1.000103459058987010e+00
3.975139954297982059e-01,1.000146545503418416e+00
3.974687844433389960e-01,1.000114953499245507e+00
3.974721651418633983e-01,1.000117223073095030e+00
3.974999404371696299e-01,1.000136472102396645e+00
3.974914054107619443e-01,1.000130485141342174e+00
3.974869282657886305e-01,1.000127361812257476e+00
3.974840935260556818e-01,1.000125354745617923e+00
3.974804660497732733e-01,1.000122871554707249e+00
3.974907762672472700e-01,1.000130013779817029e+00
3.974981897703351863e-01,1.000135272474828030e+00
3.974784707718096999e-01,1.000121567272322487e+00
3.974924350099358628e-01,1.000131269508542475e+00
3.974818503119550983e-01,1.000123955450791691e+00
3.974441735674924536e-01,1.000099324654083022e+00
3.974956737670096163e-01,1.000133646251267772e+00
3.974774857899673330e-01,1.000121060624071578e+00
3.974993559106232976e-01,1.000136337754989890e+00
3.975198262551046802e-01,1.000151121603782167e+00
3.975141737195841962e-01,1.000146986032944163e+00
3.975431957604826372e-01,1.000168643578145611e+00
3.974702064427115267e-01,1.000116221913981196e+00
3.975064336667947229e-01,1.000141424168579762e+00
3.975178443298854059e-01,1.000149635380970459e+00
3.975105797407396113e-01,1.000144373697315903e+00
3.975311031793423155e-01,1.000159537412599997e+00
3.975005571781637381e-01,1.000137276027808886e+00
3.975154802353300099e-01,1.000147997850391102e+00
3.975399780342818157e-01,1.000166258954484855e+00
3.975230035268880191e-01,1.000153451576948127e+00
3.975005436065586761e-01,1.000137165323106814e+00
3.975581835334127678e-01,1.000180231385953578e+00
3.975053767410285932e-01,1.000140561226032121e+00
3.975335660086192213e-01,1.000161204190600506e+00
3.974959501969501652e-01,1.000133828074813769e+00
3.975356857461243010e-01,1.000162872564430261e+00
3.975092043289162325e-01,1.000143256912515266e+00
3.975430186519862130e-01,1.000168498247613114e+00
3.974855813924722536e-01,1.000126667842479167e+00
3.975779921385468318e-01,1.000196059021288608e+00
3.974948971013305687e-01,1.000133157062988776e+00
3.975555259560173416e-01,1.000178171418897533e+00
3.975010896589633580e-01,1.000137605869799717e+00
3.975541990735506626e-01,1.000177138312784875e+00
3.975336118128065532e-01,1.000161475769916208e+00
3.975244527795530614e-01,1.000154595774144006e+00
3.975626052268719235e-01,1.000183856422371065e+00
3.974951223882720042e-01,1.000133531373990747e+00
3.975977961818152329e-01,1.000212581393319144e+00
3.975494341293812628e-01,1.000173628584051455e+00
3.975678615749752010e-01,1.000188141439912526e+00
3.975476547154129792e-01,1.000172258930917213e+00
3.975496592505366467e-01,1.000173832616310987e+00
3.975714818147916274e-01,1.000190975250736747e+00
3.975505568404620327e-01,1.000174452515319556e+00
3.975711210539538132e-01,1.000190725497031696e+00
3.975486752478868957e-01,1.000173089704443186e+00
3.975574729715412592e-01,1.000179917201834412e+00
3.975571986072635178e-01,1.000179780978517785e+00
3.975309294537819893e-01,1.000159674331043691e+00
3.976131781942923715e-01,1.000225633777452661e+00
3.975706999195713354e-01,1.000190529420329710e+00
3.975629805215573076e-01,1.000184295317750882e+00
3.975136287898935472e-01,1.000146864091451260e+00
3.975540944595759574e-01,1.000177376693718978e+00
3.976313402571068911e-01,1.000241225768476960e+00
3.975350561922998405e-01,1.000162784075548705e+00
3.975445523350031318e-01,1.000169966033502389e+00
3.975937245746846704e-01,1.000209321960674025e+00
3.975371329948362287e-01,1.000164389670786802e+00
3.975556042623644704e-01,1.000178636103326912e+00
3.975500754737233966e-01,1.000174396536954724e+00
3.975864473965063373e-01,1.000203443909748247e+00
3.975547650651013454e-01,1.000178012729414867e+00
3.975394282400663837e-01,1.000166322536605312e+00
3.975392347853686781e-01,1.000166167973841613e+00
3.975642195065444140e-01,1.000185470657544595e+00
3.975532416121041468e-01,1.000176862543289191e+00
3.975518395480638345e-01,1.000175703225141266e+00
3.975817420008601055e-01,1.000199523894347520e+00
3.975376502193566641e-01,1.000164910085096004e+00
3.975473798947871673e-01,1.000172327373647807e+00
3.975847028344913769e-01,1.000201983262649863e+00
3.975736061247039377e-01,1.000192944279121088e+00
3.975313950688756925e-01,1.000160167844299286e+00
3.976103531643529476e-01,1.000223325399931973e+00
3.975382902078386516e-01,1.000165392913172857e+00
3.975673407190418174e-01,1.000187957817181950e+00
3.975116235942758314e-01,1.000145586755871063e+00
3.975765465410399657e-01,1.000195431035322491e+00
3.974864191521458312e-01,1.000127850311856026e+00
3.975706122093772832e-01,1.000190592957466373e+00
3.975621182181811042e-01,1.000183775128763441e+00
3.975977005737298398e-01,1.000212717801084672e+00
3.975672216587638474e-01,1.000187811490538481e+00
3.975470709255428114e-01,1.000171978290701924e+00
3.975732224127251357e-01,1.000192561114640277e+00
3.975913065096407517e-01,1.000207368245132011e+00
3.975718955384541231e-01,1.000191523853169784e+00
3.975346314453170882e-01,1.000162531125374121e+00
3.975879778336777748e-01,1.000204661768774983e+00
3.975889259401753084e-01,1.000205427650054935e+00
3.975883594233586837e-01,1.000204975587634770e+00
3.975066278669230346e-01,1.000141901761289143e+00
3.975396859049852849e-01,1.000166356348466401e+00
3.976286994395273333e-01,1.000238956654344591e+00
3.975628243115669203e-01,1.000184257244044028e+00
3.975560366981601423e-01,1.000178953519618608e+00
3.975391085702981719e-01,1.000165990514269909e+00
3.976154328658957904e-01,1.000227642133686645e+00
3.975512901673963206e-01,1.000175294982169616e+00
3.975198805033408056e-01,1.000151604579805564e+00
3.976261809013279525e-01,1.000236884011792116e+00
3.975608843379592749e-01,1.000182791213104494e+00
3.975454006322191036e-01,1.000170768951398781e+00
3.975661235584815878e-01,1.000187011026227202e+00
3.975985621136077786e-01,1.000213549921872502e+00
3.975617039388915641e-01,1.000183558048427956e+00
3.975586586113026288e-01,1.000181162398855017e+00
3.975700548249235244e-01,1.000190283136184632e+00
3.975944992828886471e-01,1.000210279787002721e+00
3.975689387802904817e-01,1.000189369376461634e+00
3.975399804567973927e-01,1.000166800378849308e+00
3.975829550671399759e-01,1.000200638338548664e+00
3.975856154060035119e-01,1.000202821187387681e+00
3.976018755418961326e-01,1.000216322236636923e+00
3.975751995101544645e-01,1.000194261433493992e+00
3.975973516035597455e-01,1.000212445438352304e+00
3.975453882744998668e-01,1.000170681877202705e+00
3.975943355977307192e-01,1.000209753061926055e+00
3.976046452240799556e-01,1.000218249331948250e+00
3.976068064540405622e-01,1.000220005547571844e+00
3.975666264186552001e-01,1.000186986283761570e+00
3.976050218984266138e-01,1.000218447427095203e+00
3.975833731707194008e-01,1.000200491546457737e+00
3.975471377541773821e-01,1.000171723112671218e+00
3.975501387897410477e-01,1.000174086274022045e+00
3.976179447944057088e-01,1.000229437789756259e+00
3.976007250989568309e-01,1.000214955659052274e+00
3.975644559496952501e-01,1.000185285608537589e+00
3.975692365550374530e-01,1.000189113702411259e+00
3.975926127197300652e-01,1.000208154612900913e+00
3.976182756972280186e-01,1.000229672531736336e+00
3.975439362294503343e-01,1.000169221580054835e+00
3.975909389660737814e-01,1.000206849632735207e+00
3.975897639038085130e-01,1.000205900312545637e+00
3.975736169166836365e-01,1.000192699899276505e+00
3.975686364941237727e-01,1.000188720312533031e+00
3.975614977848654918e-01,1.000183070272726127e+00
3.976583188736022567e-01,1.000265072080968265e+00
3.975424927318931823e-01,1.000168335752144921e+00
3.975482770800122245e-01,1.000172806985380136e+00
3.975957163145537598e-01,1.000210905065989087e+00
3.975962883917387169e-01,1.000211398180844258e+00
3.975733304402764845e-01,1.000192552297383797e+00
3.976137544965152593e-01,1.000226010933368714e+00
3.975541939805200542e-01,1.000177314499015369e+00
3.975762729567449139e-01,1.000194895234417292e+00
3.976075228854795141e-01,1.000220721789379486e+00
3.975388146074544937e-01,1.000165560509109319e+00
3.975896919104314753e-01,1.000205900784286950e+00
3.975575307927964319e-01,1.000179875729050982e+00
3.975885520685508157e-01,1.000204868896083177e+00
3.975658349077155762e-01,1.000186393318312383e+00
3.975836428483957019e-01,1.000200760297440317e+00
3.975715926082778462e-01,1.000190928842487281e+00
3.975240082779146755e-01,1.000154202177546692e+00
3.975952690209965668e-01,1.000210305320971882e+00
3.975891124610833050e-01,1.000205188151898072e+00
3.975591004304526721e-01,1.000180963369781795e+00
3.975231087034746813e-01,1.000153534399939481e+00
3.975566451913615795e-01,1.000179131601424132e+00
3.975977878208044602e-01,1.000212479885859596e+00
3.976059432349880463e-01,1.000219290919474480e+00
3.975335617089559292e-01,1.000161451730118944e+00
3.975627671378603178e-01,1.000183957975157911e+00
3.975495048177367097e-01,1.000173631571447785e+00
3.975640421581393413e-01,1.000185006452426029e+00
3.976040975961615542e-01,1.000217759935077444e+00
3.975460280186028372e-01,1.000170925144367562e+00
3.975179023484878282e-01,1.000149774283600745e+00
3.974953878805846386e-01,1.000133612220142520e+00
3.975688950709005964e-01,1.000188723159256110e+00
3.975762432824793691e-01,1.000194652246753968e+00
3.975589307530721928e-01,1.000180818905703095e+00
3.975580678000053547e-01,1.000180152381829224e+00
3.975540917779257777e-01,1.000177022851312492e+00
3.975298148741193138e-01,1.000158469410662665e+00
3.975385952143054569e-01,1.000165069544832530e+00
3.975778934794486630e-01,1.000195918415234919e+00
3.975732261322412198e-01,1.000192147085757544e+00
3.975363167494591621e-01,1.000163379831359833e+00
3.975374784518089233e-01,1.000164213425342119e+00
3.975060019285596713e-01,1.000140956039270668e+00
3.975518617712830993e-01,1.000175201786274393e+00
3.975692925988635329e-01,1.000188915663501987e+00
3.975138453559197149e-01,1.000146564919108361e+00
3.974992062778390789e-01,1.000136121668341094e+00
3.975247203705079557e-01,1.000154507715643959e+00
3.975379296625088932e-01,1.000164435497507665e+00
3.975265735629193165e-01,1.000155862979473786e+00
3.975041823378943073e-01,1.000139618694334542e+00
3.975184866090483715e-01,1.000149954947009867e+00
3.975150739112116027e-01,1.000147526986078450e+00
3.975368924178239172e-01,1.000163823117800943e+00
