3.979007316475872136e-01,1.000566662943555896e+00
4.153133612342292391e-01,1.031180269469466948e+00
4.013259516368500313e-01,9.809185056328117991e-01
5.127517248588918664e-01,1.258281083321199922e+00
6.004875182778702802e-01,1.459890424180243285e+00
5.940229416317566180e-01,1.441763087500144813e+00
5.096619129590821418e-01,1.266687278283875839e+00
6.319733173726984621e-01,1.559702001965047602e+00
6.611638750725634672e-01,1.631428706067173939e+00
7.300989320023498763e-01,1.820091382124473522e+00
6.206768157815808484e-01,1.558028827462371702e+00
5.704244098383275396e-01,1.432166281995862267e+00
5.630895745837477540e-01,1.393750279807549397e+00
5.358506267235162435e-01,1.319576707320851305e+00
5.502562716302586976e-01,1.354449744203582551e+00
5.686949581014668631e-01,1.392746916941604907e+00
5.194646209604194542e-01,1.267630394532305971e+00
3.609186321281868670e-01,8.860439880108715860e-01
3.880304037451852706e-01,9.509035862223960134e-01
4.370775641352921403e-01,1.060923325811505835e+00
4.324250471731639900e-01,1.046288085109585264e+00
4.206144002876312515e-01,1.020574144128396643e+00
3.885663542941724669e-01,9.433050582084284708e-01
3.670520585603684327e-01,8.854376254813592917e-01
3.154328763225155430e-01,7.729134822645141734e-01
3.086258394783187864e-01,7.585560335406525967e-01
3.157413665905821620e-01,7.843534870659618630e-01
3.170785330674730784e-01,7.854012017003920709e-01
3.028960284566868943e-01,7.538196954300609987e-01
3.054368463057271499e-01,7.651500209894868121e-01
3.098562918512640652e-01,7.713587122427568721e-01
3.009231769685604130e-01,7.496287011343345519e-01
3.116581379089471415e-01,7.729693982723072621e-01
3.071390024848364431e-01,7.639101812251201107e-01
3.176483622730423839e-01,7.853697131304382406e-01
3.177147985242868566e-01,7.898275577081304011e-01
3.086927194124128859e-01,7.704466896120840680e-01
3.014037530238092844e-01,7.521444898196746331e-01
3.017386102346920063e-01,7.498243240344335536e-01
3.011944657016784044e-01,7.505179731787353647e-01
3.010527306799198333e-01,7.473129816081461874e-01
3.045971029481450154e-01,7.573234853686450219e-01
3.127982010726734763e-01,7.782391342056662609e-01
3.252726275093088537e-01,8.069090348725669326e-01
3.234749701540865496e-01,8.054716198492541945e-01
3.220424809406005617e-01,8.005385437853275166e-01
3.223137505718776663e-01,8.023397620447152434e-01
3.113569688905767907e-01,7.764501502345392270e-01
3.140939529945431241e-01,7.831441971334651697e-01
3.107511775288139266e-01,7.756243257879739117e-01
3.126013836672111301e-01,7.832496711685499324e-01
3.132059985110766109e-01,7.856725558549242372e-01
3.096523948882082822e-01,7.763064972388142859e-01
3.081115600366565732e-01,7.732004786283772635e-01
3.043092103426453532e-01,7.639736138718612457e-01
3.024613680803669991e-01,7.593319410782090051e-01
3.032040110401441613e-01,7.584624478495133326e-01
3.014430899905000127e-01,7.534479670735483303e-01
3.020786590294670670e-01,7.523910062780760910e-01
2.922308764112790391e-01,7.297376996401513383e-01
2.854987999911292040e-01,7.143124865466045081e-01
2.906814843161066864e-01,7.264099519617985834e-01
2.914168583703477533e-01,7.266199076778168120e-01
2.953969295019800434e-01,7.361776162052395822e-01
2.964667430890594590e-01,7.366719973257307430e-01
2.911801125544973279e-01,7.266094238559817065e-01
2.897741466365921781e-01,7.233767098637712278e-01
2.962391233978167726e-01,7.367867992210642702e-01
2.979794577566149405e-01,7.396951667246238760e-01
2.977647577731727946e-01,7.389510079471132142e-01
2.986777504875713363e-01,7.379846629554311921e-01
3.019722257410461519e-01,7.444874771538103619e-01
3.061736340235868270e-01,7.538097740628060262e-01
3.047479601691841511e-01,7.501273691483376638e-01
3.103771610490200783e-01,7.599846472756428550e-01
3.062586892227136537e-01,7.488753296033074935e-01
3.049950085784641773e-01,7.465795427525394601e-01
2.985335267472140064e-01,7.314231824744309440e-01
2.945320757129021860e-01,7.217838079794065553e-01
2.826014584197828472e-01,6.931962357768663985e-01
2.781036727552592125e-01,6.832300648704393575e-01
2.663791928304444778e-01,6.566886164508293211e-01
2.541887975961281132e-01,6.340961279239394344e-01
2.534523212716534024e-01,6.343581338564890926e-01
2.552037892015490694e-01,6.384046375222927061e-01
2.497949512120563598e-01,6.247444094855083563e-01
2.474303685518082219e-01,6.198654619522820930e-01
2.471456531365563147e-01,6.205267554225452065e-01
2.455162629499351989e-01,6.162144539365833618e-01
2.398773300915388040e-01,6.048464703215362670e-01
2.431679519060497563e-01,6.123638349614626275e-01
2.389812235132981189e-01,6.036029899581629721e-01
2.362473788148931886e-01,5.981577077610683579e-01
2.347843458688627927e-01,5.954674264684700624e-01
2.353748153051511971e-01,5.972653508527334676e-01
2.332394611476908131e-01,5.914001033869207280e-01
2.262273323644460599e-01,5.735928257034609290e-01
2.203670309448502451e-01,5.586809579734183240e-01
2.134752142404713615e-01,5.416785981564645747e-01
2.066442583522528353e-01,5.252051125888737015e-01
2.028315061014369924e-01,5.144360051066904083e-01
2.032512189185691487e-01,5.142154701885994772e-01
2.044342284283976463e-01,5.169169031985006990e-01
2.012113795976629427e-01,5.086807009603349083e-01
1.994570260808098405e-01,5.033328842737385678e-01
1.931305998149395187e-01,4.873022870900727277e-01
1.909353561493778717e-01,4.821298558583655969e-01
1.939681478905927181e-01,4.900779955918940223e-01
1.911476627431639708e-01,4.829567544804664880e-01
1.878997290679307319e-01,4.740498892037545708e-01
1.815730508583864866e-01,4.585429351023368461e-01
1.785475190889086183e-01,4.513684793468747403e-01
1.775715165226770254e-01,4.487566912824894061e-01
1.765672963264967865e-01,4.442641665410864138e-01
1.738529130911338483e-01,4.390497835681508310e-01
1.757135335816131239e-01,4.444625390612791382e-01
1.717872766854047772e-01,4.336891090136710258e-01
1.730351683351092906e-01,4.389847086601239012e-01
1.695175899360364946e-01,4.297855148643554557e-01
1.698697501296443646e-01,4.303028649246231074e-01
1.714343729293158203e-01,4.339718583005049424e-01
1.697734664855573283e-01,4.326859678088417760e-01
1.688625844006053089e-01,4.286517543007768993e-01
1.700980983106392119e-01,4.322917809050596527e-01
1.698654182024064985e-01,4.325938806726434827e-01
1.719128092442570865e-01,4.348734450026157661e-01
1.629734620168793169e-01,4.122105947223927425e-01
1.577242506935653266e-01,4.004963254947243589e-01
1.499663470443333702e-01,3.815131487171889435e-01
1.532851825872919016e-01,3.896456567754545963e-01
1.469403717060682735e-01,3.735738907063618774e-01
1.480806717254348204e-01,3.777328478351101304e-01
1.457825052263156396e-01,3.727838289831662544e-01
1.458150133923772629e-01,3.730984353030415979e-01
1.438523420880503112e-01,3.676094388245902400e-01
1.373975786564997359e-01,3.526737192602519277e-01
1.387087667868802110e-01,3.528934621050878184e-01
1.357233946124929425e-01,3.466115168722914142e-01
1.402035410228584245e-01,3.573177420745481947e-01
1.342237626487953472e-01,3.416762428646869520e-01
1.307867408409413290e-01,3.323870799098758710e-01
1.306001819645529749e-01,3.313623031001823871e-01
1.368371396872195556e-01,3.432175066043463563e-01
1.401481612301395674e-01,3.520657089242511528e-01
1.436228042444427366e-01,3.591528795326469070e-01
1.457128452874069668e-01,3.631918792772971250e-01
1.454978205504857125e-01,3.608373703617511197e-01
1.326836851890924596e-01,3.337011487112460095e-01
1.316965276091358605e-01,3.298198329967191866e-01
1.293518260389727448e-01,3.238761756360692967e-01
1.271373865212050147e-01,3.165045873509571006e-01
1.262939440176739092e-01,3.145851985626976766e-01
1.208304821693905323e-01,3.019066146486790170e-01
1.204722301908844190e-01,3.002057269955770713e-01
1.178375120801900960e-01,2.955999466466100456e-01
1.155110711292129111e-01,2.905139917028958241e-01
1.147875718142795931e-01,2.876365862896100301e-01
1.105199170609981602e-01,2.770031385567038873e-01
1.079674516814597557e-01,2.703681219770283084e-01
1.044474211400885505e-01,2.617273864482122514e-01
1.025478651372720151e-01,2.584108550165271079e-01
1.043131049208597255e-01,2.622828318553894200e-01
1.025323206244733165e-01,2.596790347861587245e-01
9.937434433976814752e-02,2.539481114366504144e-01
1.020710440258924129e-01,2.604619504435925492e-01
1.056907698965356968e-01,2.687202035524980381e-01
1.087411525847506444e-01,2.712709213321927715e-01
1.092418532850295138e-01,2.725543228058760481e-01
1.095298943302558253e-01,2.731957698319638084e-01
1.070969580621190936e-01,2.675585567664722775e-01
1.059898471971644079e-01,2.635163037025172184e-01
1.007199666181962383e-01,2.517229329322543396e-01
9.837588248840917204e-02,2.457142415342359332e-01
9.570209828181905354e-02,2.383091872176456016e-01
9.680304414394054480e-02,2.392245874643243175e-01
9.537225415412392548e-02,2.353113358163422819e-01
9.236709510274772328e-02,2.276444689491353146e-01
9.164131009311404785e-02,2.261635470652550994e-01
9.010033910400251644e-02,2.218595459682565219e-01
9.008583727419258724e-02,2.218733637854691243e-01
9.173515018110990626e-02,2.260349772431675397e-01
8.569934199630534211e-02,2.124770698373331657e-01
7.942457772441924302e-02,1.973202909444700948e-01
7.641475597975150302e-02,1.906926358444845093e-01
7.550618579451175150e-02,1.885710922161215608e-01
7.201155289834974826e-02,1.792247408770109851e-01
6.972284102773763925e-02,1.735829666814119321e-01
6.609573265528966013e-02,1.639866121205718341e-01
6.340415465758367231e-02,1.577434122743526235e-01
6.312310813554716793e-02,1.570183762880790479e-01
6.416618229372393623e-02,1.596874702654479949e-01
6.416507799980736282e-02,1.595300236776822644e-01
6.250874840349560091e-02,1.551981590902124508e-01
6.331676906867803045e-02,1.570698038878976244e-01
6.621729829310619986e-02,1.642951389957970909e-01
6.625899556055983575e-02,1.645662771088379495e-01
6.809590840299142855e-02,1.685846736133818635e-01
6.842185122784405493e-02,1.692802032802448453e-01
7.216859721641750991e-02,1.782656892835232931e-01
7.522679936046079707e-02,1.854826493026718315e-01
7.597767467462372692e-02,1.868211160073497690e-01
7.425823140601443828e-02,1.828730875651625731e-01
7.082051838476616235e-02,1.745126024752007843e-01
6.877413100554659320e-02,1.695604604644844193e-01
6.800731534146066404e-02,1.679131094745786867e-01
6.557572426432681234e-02,1.620544737291934878e-01
6.501029441067551762e-02,1.605191593032246067e-01
6.702696482572682857e-02,1.658250956980848456e-01
6.727983114666212516e-02,1.666484802536064291e-01
6.776887641043280452e-02,1.665828994196325852e-01
6.854581363298999086e-02,1.681929281823149880e-01
6.732357040365999357e-02,1.656902000354578131e-01
6.919541344962458485e-02,1.704763015129894810e-01
6.730658894675561887e-02,1.666530790868872569e-01
6.598012695646335302e-02,1.633105011767156389e-01
6.456165619599911476e-02,1.600121743709529976e-01
