4.010260916213643778e-01,1.005718430162539923e+00
4.616957435881267058e-01,1.134654073050718859e+00
5.258999048876464855e-01,1.276434545471556881e+00
5.371546229754150525e-01,1.299325395639121750e+00
5.171934477715145473e-01,1.239105135114567213e+00
5.225027730208102739e-01,1.228316905014487537e+00
5.134277321266552674e-01,1.223637505373160961e+00
6.714011039166359884e-01,1.577348168173481335e+00
7.009415971247356936e-01,1.672825600506027799e+00
8.016276800038276695e-01,1.925207327160503690e+00
8.283547490822620318e-01,1.988798700657777863e+00
8.118140915525117185e-01,1.952521630274734354e+00
7.892500432550797473e-01,1.899128192118662461e+00
8.110944744940348228e-01,1.954439327125671033e+00
8.021435266995299296e-01,1.932424001195219843e+00
8.060663875848789184e-01,1.939738263164787480e+00
8.071344106218111270e-01,1.945195115981690925e+00
8.123537200677626302e-01,1.954528561502800299e+00
8.163990193593037015e-01,1.964135904361326457e+00
7.707250212993347338e-01,1.850729542931846439e+00
7.122416180496214944e-01,1.709494817848943748e+00
7.015424201238730229e-01,1.689641616972389793e+00
7.045878102952005673e-01,1.694294334410175518e+00
7.070933361897600022e-01,1.700697198702264989e+00
7.113163188520564839e-01,1.712675896298235578e+00
7.035430011227848945e-01,1.694846080895398899e+00
6.976605909213429157e-01,1.678362902350647001e+00
6.685105294045486923e-01,1.607799763207079957e+00
6.318106621017489655e-01,1.520426021464330368e+00
6.198615891784960974e-01,1.488945602870071383e+00
5.847990702993206558e-01,1.404392269936521442e+00
5.206650105617313118e-01,1.252211198705141415e+00
4.791891047522728320e-01,1.151455847089502438e+00
4.762887145649544185e-01,1.145987839860109547e+00
4.690461114475055204e-01,1.127358770676105904e+00
4.796811000349915921e-01,1.153725121480575933e+00
4.721000967295029271e-01,1.136277614243902168e+00
4.741501411578363245e-01,1.140824802807604232e+00
4.475472429134723096e-01,1.080030609692715915e+00
4.327312225505730581e-01,1.045554954524737790e+00
4.128024991081693518e-01,9.956043201890272254e-01
4.053812513010998653e-01,9.775957786903899382e-01
3.970202163986231159e-01,9.561280690246829472e-01
3.621233532329178328e-01,8.728052858126137403e-01
3.378282090071491606e-01,8.157244239526433294e-01
2.983183508200460965e-01,7.191694522572740222e-01
2.387691208999605241e-01,5.721514139149468381e-01
1.932777408733634128e-01,4.697551551291971883e-01
1.828950957731185489e-01,4.443522573600005576e-01
1.402988589306490563e-01,3.416707594963749317e-01
1.791053994610919409e-01,4.345372316810461322e-01
1.915320262608152801e-01,4.652648058113861285e-01
1.711540402132591121e-01,4.172571671296772533e-01
1.797648621916393408e-01,4.366207469551562359e-01
1.731850569989175914e-01,4.206131014923192302e-01
1.515821309451443055e-01,3.680979119250563647e-01
1.413748754247174111e-01,3.436777706088829931e-01
1.405796872194310654e-01,3.407089301826178862e-01
1.352519838859530810e-01,3.278019005252385543e-01
1.241796943201000369e-01,3.012165024119999313e-01
1.077763097175647028e-01,2.619759100916177474e-01
1.071050465092269893e-01,2.605074843177895838e-01
9.973375622607232038e-02,2.416544740582943218e-01
1.032442826769954525e-01,2.505409579626020067e-01
1.106573116654581967e-01,2.699307447809436988e-01
1.159104874356272352e-01,2.842501438626222066e-01
1.208729123536459171e-01,2.989833341148385171e-01
1.320925646922583019e-01,3.267197163261750248e-01
1.264248846411278326e-01,3.152708780359810836e-01
1.158844766028277046e-01,2.887601466019119045e-01
1.238587494852451537e-01,3.065287400443332810e-01
1.051510215307258495e-01,2.624848895244636937e-01
1.054783313344282714e-01,2.623944524492164976e-01
1.054907468446519975e-01,2.624848800666846893e-01
9.536978466906276264e-02,2.404550933357119946e-01
1.052747910062156456e-01,2.620981329459114995e-01
1.006490463684202447e-01,2.526984045092360298e-01
1.019694197779271311e-01,2.559525150144935646e-01
9.914723454946811065e-02,2.501732522531545100e-01
9.635192462271006952e-02,2.440851784939253866e-01
9.717086816693762397e-02,2.471943210249837874e-01
9.503151048893780650e-02,2.423624551877276156e-01
9.015728304584995356e-02,2.281632684170017689e-01
8.237250524081536629e-02,2.082069112234259389e-01
7.362395037076487070e-02,1.852096975574608895e-01
7.463325301380765997e-02,1.864585509479956549e-01
8.722721623800576418e-02,2.155188415850125827e-01
8.704748400707572331e-02,2.163744782344058648e-01
9.561458309647460907e-02,2.360265590985337336e-01
9.635969688282663981e-02,2.378533108389694062e-01
1.005065538203190889e-01,2.476569937581638847e-01
1.021833910688732944e-01,2.516714989276853109e-01
1.017131414028356606e-01,2.502406406560774843e-01
1.109113240492938524e-01,2.716750147519952363e-01
1.175499578011528629e-01,2.874819773924798261e-01
1.228181986940433956e-01,2.998882378548184957e-01
1.214978446716207389e-01,2.970282496919909310e-01
1.215529015356471287e-01,2.979685652065328094e-01
1.250539259519328483e-01,3.064189789469222158e-01
1.236437881514866610e-01,3.018232095358761025e-01
1.149678992821512313e-01,2.807161677754996254e-01
1.040035452532964422e-01,2.534118739027284573e-01
9.274212643685843249e-02,2.268795739349951102e-01
9.541443772070695717e-02,2.331668875768402593e-01
9.619792891780953870e-02,2.350243832724167037e-01
9.757440958869624537e-02,2.380138412580063423e-01
9.890674026585070944e-02,2.415516914466788456e-01
1.050577784164059697e-01,2.564505292750272059e-01
1.005547394767243585e-01,2.456753135880754002e-01
9.968260402127501751e-02,2.432289721141357997e-01
9.688348229099814912e-02,2.364197321141345287e-01
1.036449247021418163e-01,2.523065776746675204e-01
1.057358860219372171e-01,2.571123988006498440e-01
1.137537380799129583e-01,2.764310194489518202e-01
1.145878352524688087e-01,2.790734938149009303e-01
1.190266840124731273e-01,2.899261653984319120e-01
1.158746873929357435e-01,2.824428850653017409e-01
9.908929821443646091e-02,2.428287095334192847e-01
9.246939020506707296e-02,2.256793823516408948e-01
6.327958785398862807e-02,1.570727559332101286e-01
4.043247154757580175e-02,9.940272739420596970e-02
4.277428369762866639e-02,1.055845752681749822e-01
4.032759649259565204e-02,1.016368814110486518e-01
3.434679772152469945e-02,8.612567367760227965e-02
3.213245936719330564e-02,8.065084578555783978e-02
3.296794276059856338e-02,8.152997245890601652e-02
3.264889335717438557e-02,8.082440483427394406e-02
3.078590490202746943e-02,7.639454980701551601e-02
2.997362946884252893e-02,7.467170879699330799e-02
2.965597384115381541e-02,7.394017996443956464e-02
2.937445761221837287e-02,7.371090228001896116e-02
2.915937462102614203e-02,7.249084940804641219e-02
2.850368038849590557e-02,7.114033694143451214e-02
2.751372319393335583e-02,6.866175739164501191e-02
2.918865943920851552e-02,7.276968380994143504e-02
3.009691898062955007e-02,7.504334082262084649e-02
2.819272805810496552e-02,7.068599913929514422e-02
2.714508606580347955e-02,6.749935322268864335e-02
2.287008023971483228e-02,5.705904006016342123e-02
2.149401758989602160e-02,5.588846970434341310e-02
2.103949563620274854e-02,5.545857760808025477e-02
1.793864680258712777e-02,4.719109473735549204e-02
1.528152729844263653e-02,4.152988685582283124e-02
1.839473609454557110e-02,4.754975047793556786e-02
2.063914077113662010e-02,5.268830103076021371e-02
2.716381369110841201e-02,6.754611538851741648e-02
3.126187273881640694e-02,7.795042378304446740e-02
3.399995906816569852e-02,8.428969850803830210e-02
2.976467459728543777e-02,7.495833579525700008e-02
3.027611624130547088e-02,7.456677818861359719e-02
3.112892790044637786e-02,7.666572737339437393e-02
3.155460118796206415e-02,7.814680390369400931e-02
3.123346711008188198e-02,7.668238961293380451e-02
3.198792284243836409e-02,7.920040678293392700e-02
3.378593006482603217e-02,8.405756950441742315e-02
3.147825911279488603e-02,7.793511727921950683e-02
3.633183917625621567e-02,9.065605065440048016e-02
3.829414942273438871e-02,9.424327689459104096e-02
3.606929709217725211e-02,8.911719247716909376e-02
3.410555207849334108e-02,8.414366357285546494e-02
3.604157104750136537e-02,8.941008823985771570e-02
3.455419210405893948e-02,8.529989533306646388e-02
3.030828969661901115e-02,7.429406192661794361e-02
3.027109785236412054e-02,7.524149807134876411e-02
2.481531248307837501e-02,6.185877558571939439e-02
1.962967881686793550e-02,4.917144469685025970e-02
1.768377542552179368e-02,4.429578065409765092e-02
2.064992196975818511e-02,5.132809962728714093e-02
2.490976825252739016e-02,6.130239745463921669e-02
2.254770932294766772e-02,5.569580166765433077e-02
2.613157943221127225e-02,6.353933864081803828e-02
2.735904652516294930e-02,6.637584657375596164e-02
2.640884602088139702e-02,6.402912472770076746e-02
2.666157103202914519e-02,6.562876570396937448e-02
2.599776451006195407e-02,6.430977813502726514e-02
2.560121774371298259e-02,6.372045463667244669e-02
2.457565996406189598e-02,6.112186814334422819e-02
2.068330899408363233e-02,5.159887962851278376e-02
1.998071446416456454e-02,4.991204336489939164e-02
1.843740257754074990e-02,4.593296981810948698e-02
1.843372471316182676e-02,4.610863904193746032e-02
1.836142342059643787e-02,4.585599220004700494e-02
1.957460878267580293e-02,4.849083069943913027e-02
1.947012809440688136e-02,4.793476546203892519e-02
2.021065998172410713e-02,5.029247187569196170e-02
2.086816686971489088e-02,5.147068552093919669e-02
2.166956551908136991e-02,5.307466903555610460e-02
2.089848021287057933e-02,5.073945844313032527e-02
2.040419475464670326e-02,4.945022392847742837e-02
1.715952504851292471e-02,4.138239175480158683e-02
1.496971952754370776e-02,3.660476195398429389e-02
1.456029708343051232e-02,3.559110650069763349e-02
1.378693798284571365e-02,3.409401073303449520e-02
1.350815273125726551e-02,3.332186565651932414e-02
1.363062889932029412e-02,3.366199467862249217e-02
1.357888761491417122e-02,3.364365163679469001e-02
1.357893556398235245e-02,3.364322644323936712e-02
