3.993678045788856545e-01,1.003005577401349324e+00
4.250807948407177572e-01,1.048333678855423612e+00
4.827992778094261639e-01,1.179921931767187404e+00
5.512616496580392544e-01,1.321452975107745065e+00
6.417068504770435666e-01,1.533787766293880361e+00
7.498771413533564800e-01,1.821133951582106336e+00
7.269274761269099994e-01,1.769208867803183205e+00
6.302962411186923131e-01,1.533059324104455667e+00
6.168742943063152406e-01,1.504030364931936870e+00
5.567245858789432456e-01,1.359619761000617322e+00
5.272549028900163082e-01,1.293629901057729459e+00
5.099254498635654720e-01,1.249052031969033916e+00
4.781574639844063390e-01,1.169564237012267416e+00
4.686822447813115966e-01,1.153470333778992440e+00
4.539671660584759794e-01,1.120232534941349556e+00
3.982757182984200672e-01,9.766178039712549719e-01
4.106316280280996600e-01,1.005196230658648826e+00
3.646877589261980912e-01,8.960536864547131719e-01
3.125147372923653410e-01,7.704777062985554981e-01
2.554889185266969176e-01,6.241178134913762943e-01
2.530096003710201602e-01,6.210192509677814332e-01
2.788823035998514444e-01,6.904289220329051791e-01
2.950998931805297598e-01,7.293748515864257875e-01
2.756857556214097338e-01,6.792506063527327109e-01
2.805212347582348165e-01,6.914117226588596399e-01
2.683967587117455644e-01,6.643816319268486259e-01
2.274913216443767983e-01,5.610868634812294919e-01
2.067490887596276361e-01,5.105992927942459847e-01
2.082628366372792361e-01,5.134521316427247406e-01
1.777268295031314282e-01,4.395428970414181347e-01
1.872787345878642040e-01,4.645514168490993412e-01
1.806212300024011008e-01,4.516588788877890503e-01
1.675994533006385512e-01,4.187469135527289721e-01
1.660403996825532968e-01,4.142241595873026316e-01
1.675374771182100708e-01,4.171573215915910238e-01
1.658757494229035068e-01,4.127435099348527592e-01
1.529134511916889483e-01,3.821504434871200173e-01
1.316808417720058133e-01,3.295863442229469698e-01
1.390523188070069971e-01,3.493768238999897524e-01
1.350585714640797630e-01,3.405014474533120672e-01
1.368662938011670216e-01,3.476541691474056561e-01
1.483143883866769042e-01,3.741710538431001210e-01
1.479983197225836766e-01,3.729147702157495914e-01
1.401314635649441309e-01,3.527354863260965256e-01
1.372448413929525379e-01,3.443545096407447659e-01
1.395838568509448485e-01,3.479645037564796928e-01
1.362528296074237422e-01,3.394843941219285455e-01
1.372257396616532732e-01,3.424988371733687087e-01
1.358702060410319767e-01,3.408533881788045616e-01
1.360838155101720126e-01,3.415636910589824882e-01
1.351811959882499581e-01,3.371130738823598927e-01
1.266041821486710295e-01,3.153320597448548424e-01
1.247493867596422418e-01,3.110444392818254578e-01
1.156252199518025270e-01,2.875371550384807628e-01
1.130732323188266275e-01,2.815692417998990615e-01
9.908969774953343967e-02,2.507499664559057484e-01
9.445378809194830694e-02,2.393760148644240582e-01
1.010646381106344999e-01,2.550888391992433002e-01
9.867805408115432053e-02,2.483857002222602806e-01
9.766297443425304980e-02,2.449476052887901989e-01
9.440276041788912831e-02,2.369412858064545990e-01
8.608349320110460223e-02,2.152522496083504044e-01
7.860286508233139957e-02,1.979890184946909992e-01
6.526867475148678821e-02,1.625118070509365409e-01
5.405282330413285763e-02,1.346773777524572779e-01
5.041558072850919892e-02,1.263167067285379530e-01
5.239333896002385665e-02,1.300424627446192527e-01
5.029813550599215866e-02,1.241561005824435848e-01
5.414083328397412131e-02,1.310569939112072868e-01
5.414075664664373677e-02,1.308993697451676930e-01
4.952919257958393606e-02,1.195045564243403802e-01
4.499453589682693433e-02,1.103015850514540291e-01
4.287738170052896036e-02,1.115787527567794479e-01
4.270054969986009780e-02,1.104466142457568439e-01
4.279773676933323889e-02,1.103014013205371596e-01
4.694724059067350436e-02,1.223466175289720931e-01
5.067750290203161534e-02,1.303133423954831727e-01
4.935758717755502067e-02,1.264522933322662357e-01
4.790887270677593457e-02,1.221688626747084588e-01
4.731025338924259999e-02,1.205204473683261918e-01
4.930134000681918316e-02,1.255559499460990047e-01
5.057955350493846536e-02,1.289980349402821136e-01
4.999263591069712936e-02,1.272089107101078420e-01
4.749723026332811071e-02,1.193398910465509333e-01
4.619467100215120248e-02,1.146154223839093989e-01
4.917765127504527406e-02,1.211106554717615441e-01
4.833623388563550172e-02,1.203885291115484868e-01
4.900080515572087514e-02,1.214483720472503969e-01
5.052388026821123812e-02,1.258179231207708915e-01
5.348727198577375025e-02,1.335981893795660236e-01
5.181338388032175057e-02,1.287000250519957645e-01
5.216824926906191151e-02,1.290008615783017620e-01
5.218300212433261975e-02,1.282839883852204543e-01
5.170217607658472714e-02,1.263473014026911534e-01
4.813393831521790844e-02,1.186594979878987099e-01
4.804170909098404857e-02,1.180096042543854196e-01
4.871592955835107180e-02,1.196202021801320847e-01
4.532440094727115121e-02,1.137877327958774498e-01
4.409549108010244606e-02,1.104911954987424366e-01
4.561008087019612772e-02,1.155170037944386191e-01
4.298938807387862882e-02,1.100238413348404859e-01
4.160906161300468448e-02,1.070432363468752923e-01
4.090201726108091962e-02,1.042374322081205118e-01
4.088070187568380864e-02,1.041172807138449619e-01
3.874620743233259113e-02,9.814012361409316099e-02
3.804732192325714635e-02,9.596043401799662920e-02
3.685506375183897343e-02,9.336118849339193615e-02
3.439893910350474981e-02,8.704996730093761403e-02
3.224603057371787374e-02,8.177434669056762861e-02
3.400216949684468914e-02,8.631304225121830265e-02
3.464687148131512240e-02,8.719023655812624396e-02
3.828121437012822759e-02,9.658755373789487675e-02
4.356956590041870941e-02,1.099395365240613681e-01
4.833193664004929724e-02,1.220088196736992397e-01
4.719372420514413025e-02,1.183345913328458232e-01
4.369095548393891332e-02,1.091688088898811887e-01
4.309339489786263161e-02,1.084597263590667410e-01
4.410501927913872133e-02,1.103304012449760202e-01
4.435575648870936083e-02,1.109581709641059427e-01
4.634441932200256131e-02,1.153270731708929270e-01
4.728922633041654500e-02,1.171338715111968354e-01
4.712590399524104606e-02,1.159970286147445767e-01
4.650840364108203145e-02,1.138643209832869846e-01
4.575255440733566603e-02,1.126821260587591994e-01
4.348551484111980170e-02,1.076587061879338142e-01
4.229029375572421895e-02,1.045369126376734931e-01
4.086260381599921693e-02,1.013690437600422434e-01
4.091251165824159874e-02,1.016845414741091441e-01
4.207038067656209551e-02,1.042540432691113350e-01
4.388218560865406181e-02,1.086655421131199062e-01
4.532618004828509878e-02,1.126744086080537222e-01
4.613614113890032731e-02,1.141467808203828344e-01
4.480604661144903245e-02,1.111827008724380339e-01
4.647576975641944108e-02,1.152784330774730137e-01
4.709993407509163732e-02,1.170791356986472659e-01
4.604237648813128830e-02,1.149964053634571354e-01
4.591686460240289314e-02,1.147933955037056669e-01
4.722643262294635297e-02,1.175644737805819073e-01
4.456141530821571689e-02,1.110669040133406699e-01
4.288430227191260269e-02,1.064632569400629780e-01
4.174852338844382144e-02,1.037613973079779539e-01
4.047066155651803804e-02,1.010168614607561410e-01
4.026923277644940680e-02,1.012185927905763227e-01
4.000668525579913898e-02,1.008340953368417059e-01
4.129381393287255564e-02,1.042404420472639315e-01
4.096369647422683224e-02,1.037492871441658138e-01
4.022030841356696168e-02,1.008696586311653848e-01
3.978025517501002084e-02,9.852967363140188728e-02
4.162999612736078409e-02,1.028535473851374671e-01
4.054489789952499951e-02,1.000897837540433433e-01
3.785324941699165502e-02,9.341206923868304590e-02
3.590787548785912692e-02,8.838556609938995334e-02
3.284987791465421997e-02,8.176764648873607877e-02
3.057110503668522897e-02,7.630453863044868446e-02
3.031251855865309611e-02,7.576374887953607473e-02
3.023932116649909879e-02,7.561412235953811345e-02
