3.980885248519963615e-01,1.001066027050295348e+00
4.154192099108928171e-01,1.031410751993712127e+00
4.417049064801257252e-01,1.080780577910932738e+00
4.457268997900376006e-01,1.086669677387239963e+00
4.508326132978513479e-01,1.098389992122394521e+00
4.892838562751552489e-01,1.197664853512005800e+00
5.798940741320557368e-01,1.419036347958909206e+00
5.878610354527973314e-01,1.421403423452706649e+00
6.313491784394132944e-01,1.505402524162516187e+00
6.354122257869418977e-01,1.522462605091126298e+00
6.576828526509718165e-01,1.589511554206777699e+00
6.824271022824685007e-01,1.653018759653346104e+00
7.038515479269100705e-01,1.712773739437034370e+00
7.134859404017741547e-01,1.733674467950003573e+00
7.184077550748240171e-01,1.747196568519286064e+00
7.158765210458101214e-01,1.740498750199117373e+00
6.989327740147384116e-01,1.696621337993478917e+00
6.888812546442153462e-01,1.674597661918411307e+00
6.783420330416498611e-01,1.650679593814893931e+00
6.736069321105191410e-01,1.641801047231784327e+00
6.710478787060932815e-01,1.636661730877215115e+00
6.671036213440385554e-01,1.626580015217944153e+00
6.687707585628183127e-01,1.625244208065518059e+00
6.746767280385245202e-01,1.640702650017593411e+00
6.669712542892720641e-01,1.620618376561614449e+00
6.654532403740112123e-01,1.617115050252990294e+00
6.752719944955818399e-01,1.647337539731025702e+00
6.622802196686384812e-01,1.617672446504904382e+00
6.536847627709184705e-01,1.596411699582615196e+00
6.627879144205701678e-01,1.619546489287092994e+00
6.687873706658712392e-01,1.632087546418323987e+00
6.865420327554673241e-01,1.677264040381167609e+00
6.836435825594412430e-01,1.670267288752623092e+00
6.652738897269159235e-01,1.620282828701476996e+00
6.621186647328994868e-01,1.612827827256291702e+00
6.481014347618663241e-01,1.583079981464076580e+00
6.389448256359280265e-01,1.562357099208455224e+00
6.376752143753223745e-01,1.557995038069558413e+00
6.356374725257015745e-01,1.549559126268330367e+00
6.219290992840378340e-01,1.512832697746198773e+00
6.077874529958257055e-01,1.475270607389729927e+00
5.753401573823305748e-01,1.402669500109286371e+00
5.453908697207442424e-01,1.328905656159290238e+00
5.202248039323316142e-01,1.267226476729524265e+00
4.975706793974957742e-01,1.215781743333119058e+00
4.973090715992729005e-01,1.212535746669953785e+00
4.899672773598914288e-01,1.196414588512097144e+00
4.812085625339848072e-01,1.177580055554816596e+00
4.777285771558661409e-01,1.170194311705441415e+00
4.862728295366592901e-01,1.195571151619804429e+00
4.499399728725165248e-01,1.106985101992284948e+00
4.744694700397319997e-01,1.169935479196771988e+00
4.695477961570109771e-01,1.157514127139487092e+00
4.722404827471443078e-01,1.164031164171347887e+00
5.306838653787073756e-01,1.296471479484402556e+00
5.484892706043689170e-01,1.331089686716679044e+00
5.651031962061560110e-01,1.365414583120520664e+00
5.706196975439579155e-01,1.373845459704047700e+00
5.978819405952332522e-01,1.440808618064779001e+00
5.934251061055634269e-01,1.433056401104809696e+00
5.899964390249369250e-01,1.421886743519797935e+00
6.226885340554413339e-01,1.500589449836280398e+00
6.272036025918861224e-01,1.512534723080082522e+00
6.259681960473503226e-01,1.504377167459232778e+00
6.214489172624975133e-01,1.495426026096906558e+00
6.260175770512718119e-01,1.506383036257989305e+00
6.258036980587147191e-01,1.507091902125349936e+00
5.996722826252128824e-01,1.446154293210720976e+00
5.864328002169493237e-01,1.413891790219822697e+00
6.201645929794004086e-01,1.492642511387345827e+00
6.331302778702735390e-01,1.523553908014192881e+00
6.326929098840922139e-01,1.522560567854655211e+00
6.350903782620879179e-01,1.528647847678464622e+00
6.215118390418948868e-01,1.495006887268085949e+00
6.344283931558324374e-01,1.527021290998952452e+00
6.417189411009678324e-01,1.544055936007403318e+00
6.526070666762542327e-01,1.569447637984558330e+00
6.364816078642535624e-01,1.529106365500435549e+00
6.386963875875724117e-01,1.535872552490342269e+00
6.327869980566447339e-01,1.524378476822805473e+00
6.441835029249431965e-01,1.551441621559431994e+00
6.352228082766142592e-01,1.529463348324784366e+00
6.503366823439402644e-01,1.566284514641425041e+00
6.427771585904143992e-01,1.548797420737914488e+00
6.300086483435415330e-01,1.518523342235670537e+00
6.111715112650198956e-01,1.474894794901752126e+00
6.009520958910313793e-01,1.451620917906815134e+00
5.999507924016256322e-01,1.449285718936793810e+00
5.995627749359931924e-01,1.448068072758317060e+00
5.830162067909057111e-01,1.411148672625268219e+00
5.780469423331425771e-01,1.399557221734290868e+00
5.764571675820850949e-01,1.398324135733716833e+00
5.640646647605476183e-01,1.368538685250353604e+00
5.553778361350392156e-01,1.348666810643213365e+00
5.438776006176241351e-01,1.322425866369673741e+00
5.272348152159536117e-01,1.283628847814155316e+00
5.197101442946875371e-01,1.268003150367960519e+00
5.184367283046820152e-01,1.265006732222732966e+00
5.094117995941870314e-01,1.244287938645996405e+00
4.952361880678564643e-01,1.209366399642177292e+00
4.841050066771485083e-01,1.183826706926893735e+00
4.741963100901049333e-01,1.161843499431151505e+00
4.554862054739611255e-01,1.120524715260883486e+00
4.517971365490349722e-01,1.115930066064239723e+00
4.474053342100410835e-01,1.106963850086750245e+00
4.375850425274117050e-01,1.082571515861014744e+00
4.370314699675562076e-01,1.080824461780731438e+00
4.173441902565432349e-01,1.033356476882188568e+00
4.136076492763295365e-01,1.022504580244918193e+00
4.143679325572572347e-01,1.026972322227741596e+00
4.090826980337782248e-01,1.012679406500978541e+00
3.999630373037770803e-01,9.904755519556877053e-01
3.724482336221424106e-01,9.261375339561752629e-01
3.286278710210469023e-01,8.193028892166576149e-01
3.140429579089593637e-01,7.827079295740296816e-01
2.841409592819237329e-01,7.122193094287331272e-01
2.514560664711271154e-01,6.316610370407705899e-01
2.491575216223657629e-01,6.270214931088116117e-01
2.465667772127777824e-01,6.166958189660217693e-01
2.537329098115810866e-01,6.357690061156748840e-01
2.344510082104546145e-01,5.965660260051288688e-01
2.428429956934379241e-01,6.150719238794978283e-01
2.520421864027567738e-01,6.327516169252519473e-01
2.499438679608231850e-01,6.264572741898064567e-01
2.503133408358044765e-01,6.261847500063810745e-01
2.511343238768172226e-01,6.271954297228605757e-01
2.533917288171874116e-01,6.304783489271116315e-01
2.510516877278508030e-01,6.250995470842336532e-01
2.481912672287938104e-01,6.175133796147574961e-01
2.433061260017435334e-01,6.071327802662098705e-01
2.413014685347416033e-01,6.030510570599943998e-01
2.402726276610423206e-01,6.008178006982850539e-01
2.376551132031734515e-01,5.946320155534963181e-01
2.329789852220249813e-01,5.837114216093091112e-01
2.286420758333078951e-01,5.730938008518106086e-01
2.341631601639370397e-01,5.867532295478421478e-01
2.372889088699023374e-01,5.917156326102278596e-01
2.335238707395497493e-01,5.815074126936103927e-01
2.328909713877521104e-01,5.784331480327090658e-01
2.330210973249732531e-01,5.787722282274025964e-01
2.242628625360894579e-01,5.586409754760399693e-01
2.223663242316401001e-01,5.543970373472870694e-01
