4.009975754302861906e-01,1.005502643766370108e+00
3.296747290552992093e-01,8.100111280056986329e-01
5.306851647803919603e-01,1.306368650385335117e+00
6.006530808109058484e-01,1.481322808287402815e+00
5.510799693076751105e-01,1.359286340727862807e+00
5.431437786569844883e-01,1.324804272436262753e+00
5.903520287595949156e-01,1.433521766219730598e+00
6.889342685929139565e-01,1.674269640201356601e+00
7.224096238016601834e-01,1.761613320405680527e+00
7.427797581744916000e-01,1.809924549180332631e+00
7.355675808530012239e-01,1.780150756016183777e+00
6.912785092680761023e-01,1.663763528162444771e+00
7.065016288307192083e-01,1.717252744180968849e+00
5.677868849978070509e-01,1.368206403115030056e+00
5.866194189780764567e-01,1.401682018302758959e+00
4.422795830960974950e-01,1.115386059806661390e+00
5.608494869167837127e-01,1.344427838219018456e+00
5.331274659130685878e-01,1.266037065821682406e+00
5.151140295744636166e-01,1.231632939278024086e+00
5.569494466655724452e-01,1.341408895139376778e+00
5.898131817024223622e-01,1.410912668811129977e+00
6.419159960397844422e-01,1.536304216204954942e+00
6.319608067266447859e-01,1.512950733846017970e+00
6.290525328705123265e-01,1.510028524022943630e+00
6.419044249123566637e-01,1.548106006468125129e+00
6.351608964819893677e-01,1.531043407775099174e+00
6.291963603136492278e-01,1.514436955128055207e+00
6.216502586291439147e-01,1.501574751225875914e+00
6.335849147763509270e-01,1.531715998728876205e+00
6.461400134999295553e-01,1.560787797836737045e+00
6.563216408097828358e-01,1.579044769973864781e+00
6.472873057549012321e-01,1.561435212746510981e+00
6.642829303958746046e-01,1.606203486176522643e+00
6.528405031863154795e-01,1.579667942300571282e+00
6.432630646114432249e-01,1.556369606432326691e+00
6.471912555162739888e-01,1.563122092146920661e+00
6.364775322011330116e-01,1.534003895363144521e+00
6.372004115894708276e-01,1.536680805556261742e+00
6.458567776303374419e-01,1.557684129192113076e+00
6.485380734897405741e-01,1.562491008993098562e+00
6.291470841203711251e-01,1.517131245594898425e+00
6.233197950658819764e-01,1.502314593234100215e+00
6.081434828222452849e-01,1.464264440533392220e+00
6.051362984311117188e-01,1.455285150981155073e+00
5.940759706245166694e-01,1.430797164882641415e+00
5.934693194730212840e-01,1.428540953598717245e+00
5.899676017729834632e-01,1.419018097337030104e+00
5.752609440120524109e-01,1.380676406875845696e+00
5.647750387403085437e-01,1.355355779208524236e+00
5.536110683300173863e-01,1.329731913281354982e+00
5.722706345549367635e-01,1.374807625768573960e+00
5.701238378586931388e-01,1.372769985580557517e+00
5.800487707272012905e-01,1.397446842125436683e+00
5.839954530472604155e-01,1.404868129964569556e+00
5.644735661903167445e-01,1.359017374551659607e+00
5.521227258742003041e-01,1.328557136414828754e+00
5.361345575633066352e-01,1.289440868713558563e+00
5.266513130656313990e-01,1.270137107726074133e+00
5.239157217538922273e-01,1.261324331088820916e+00
5.286990354124778690e-01,1.271345518692042154e+00
5.151081720943370135e-01,1.239317707597006102e+00
5.115659660018907484e-01,1.231663416388318666e+00
5.053206693953776751e-01,1.216894001354967614e+00
4.722526872859650893e-01,1.137576399809887784e+00
4.446366278071842149e-01,1.073033895479296618e+00
4.385043429977035223e-01,1.056551704711175210e+00
4.478610596023314683e-01,1.077199958586646300e+00
4.281822152205244647e-01,1.029155772834789317e+00
4.132040031349060727e-01,9.935120965948743832e-01
4.088555670580685808e-01,9.830204635781776279e-01
4.069049523939500257e-01,9.793007747989553868e-01
3.882885139812985997e-01,9.333660146162557902e-01
3.560924965637429218e-01,8.567755852227373348e-01
3.397806316668661730e-01,8.185916264163348721e-01
3.439440380668536412e-01,8.287612008990014045e-01
3.375517324147074283e-01,8.133754721283541489e-01
3.143520739723682511e-01,7.577675097355839329e-01
2.984318913704801512e-01,7.207041334779016317e-01
2.840628758629520911e-01,6.875368123031602163e-01
2.753022352086902380e-01,6.672212431747537309e-01
2.584447866733526333e-01,6.266625108807953870e-01
2.583113649774608778e-01,6.256566204679259169e-01
2.473182416757881696e-01,6.013968617175097231e-01
2.376637927205731138e-01,5.793544814141098342e-01
2.363636280097122788e-01,5.749955402787015890e-01
2.215863458523949781e-01,5.392295309299308670e-01
2.146094103068201531e-01,5.230412902751964133e-01
2.132801520833316200e-01,5.194237876169897072e-01
2.175846034066718782e-01,5.296418263362069334e-01
2.209684611061609183e-01,5.369180233604896602e-01
2.213137123523935823e-01,5.373198302391464232e-01
2.232242980233338503e-01,5.415172107112499189e-01
2.261362369937361672e-01,5.482207244884174102e-01
2.223395671804829499e-01,5.386327731723353773e-01
2.206464640731358451e-01,5.357373406382900383e-01
2.184995674607835559e-01,5.304487128310967359e-01
2.216051454022854028e-01,5.370713301226844871e-01
2.288249753591483637e-01,5.543344813603545695e-01
2.327485075227125055e-01,5.612499553894353399e-01
2.172083902600078498e-01,5.254453031530768037e-01
2.167854114777708618e-01,5.242208218804016440e-01
2.133044763754051998e-01,5.159337888589576870e-01
2.129190989586943472e-01,5.148657219014132203e-01
2.111908620333274589e-01,5.127467343155345247e-01
2.188323364208729360e-01,5.324583008245676874e-01
2.255528438546486880e-01,5.482854989176295657e-01
2.355030056400979066e-01,5.722076376086641103e-01
2.335533960660843011e-01,5.674678595196743780e-01
2.342258403705043679e-01,5.689325139724514813e-01
2.422030618673507996e-01,5.880351117229746238e-01
2.379713111839610040e-01,5.781688575454745349e-01
2.405845894228187398e-01,5.839417678632625730e-01
2.305082240431591822e-01,5.596795564946108748e-01
2.204042568229570287e-01,5.358778388562387418e-01
2.071554789554598264e-01,5.037274324875091747e-01
2.042240581598429305e-01,4.955924919774504778e-01
1.794340822142033720e-01,4.351734194106968712e-01
1.762849944213035203e-01,4.276557292530215881e-01
1.816867616193171553e-01,4.403074889636594547e-01
1.815311019130991521e-01,4.399500905925367022e-01
1.857816393264921373e-01,4.503538329414792374e-01
1.809527825582040450e-01,4.383543914345854331e-01
1.824291454504503585e-01,4.420780991707846108e-01
1.787726982531803732e-01,4.334118542532319207e-01
1.786817120101458489e-01,4.328435678510063056e-01
1.754689450602169576e-01,4.248791197283771637e-01
1.645103083170345037e-01,3.985191298157467754e-01
1.599533384798622060e-01,3.876291700349717706e-01
1.535711708592943925e-01,3.722126650333467124e-01
1.513693253649768256e-01,3.670405910696516449e-01
1.525948426063636065e-01,3.694113678671113732e-01
1.548426033880423436e-01,3.749539746445559874e-01
1.525671615992306995e-01,3.694401761575931142e-01
1.560557402397088900e-01,3.784976363911635722e-01
1.608254406628927546e-01,3.901260556477501029e-01
1.610061452801812287e-01,3.908262793386210188e-01
1.577975540224912654e-01,3.830783502582056910e-01
1.566365139957735519e-01,3.802496056626116228e-01
1.570154579995099442e-01,3.812874393907143000e-01
