4.000474248299654700e-01,1.003910069383928239e+00
4.104000587844157111e-01,1.021912584224927034e+00
4.250180833655767820e-01,1.052480363427040766e+00
4.094754263514592818e-01,1.013970309380953116e+00
3.381036254631594740e-01,8.610884306787018883e-01
6.397839106878485671e-01,1.570310197842158972e+00
7.306765568104295339e-01,1.766154858894641633e+00
7.316717482259975647e-01,1.777533296656608419e+00
7.117423617714524475e-01,1.730433639659317624e+00
7.219696149187198042e-01,1.756334046957135353e+00
7.186813402009416540e-01,1.749625239141494593e+00
7.202278312896071011e-01,1.750587743570282573e+00
7.010207587411728669e-01,1.693568416112486874e+00
6.042313945258541708e-01,1.448848251658092723e+00
5.580326078392201516e-01,1.336392996148737522e+00
4.544798431798403038e-01,1.092648058210858864e+00
3.827434333241089837e-01,9.222400690632551745e-01
3.478058154202700036e-01,8.365248735337806885e-01
3.236102431728378193e-01,7.854353454306577387e-01
3.106134190213323820e-01,7.616239762383917311e-01
3.237011516420260082e-01,7.801152671048949827e-01
3.048418242315268922e-01,7.372763146202105933e-01
2.975873783519169535e-01,7.188999403449012338e-01
2.955962457299027846e-01,7.118677553277720227e-01
2.801145034599382688e-01,6.750445405262492926e-01
2.903616527252693147e-01,7.003406781195681274e-01
2.957531762566171230e-01,7.107753942864134533e-01
2.765078820356959288e-01,6.631869620387664810e-01
2.396220255304719604e-01,5.752474106055739389e-01
2.321191947890696716e-01,5.651977907455657535e-01
2.036692990690111837e-01,4.955778917721009869e-01
1.694456963126278193e-01,4.103974047431871441e-01
1.556981213493653926e-01,3.849046058634565393e-01
1.507990613626709053e-01,3.764834154112864928e-01
1.554189163439863020e-01,3.932567751862551808e-01
1.753065698499203795e-01,4.306911694088532139e-01
1.697311783761126236e-01,4.199154132629450698e-01
1.418241106172980770e-01,3.478748472746117648e-01
1.223643392069249519e-01,2.969189837080082328e-01
1.251277861456369378e-01,3.042824602037896287e-01
1.498242470108722135e-01,3.584388808979298569e-01
1.453364919433592362e-01,3.509065170999687844e-01
1.427906880720204719e-01,3.492107300499674993e-01
1.238843281132184920e-01,2.978387833114004013e-01
1.485338871531745319e-01,3.608638171684593887e-01
1.410363055950653033e-01,3.438113616063828148e-01
1.468202438735931592e-01,3.611479543122425029e-01
1.472230364969475680e-01,3.652905660709498403e-01
1.474700181157959089e-01,3.618686107847512434e-01
1.351725184740674157e-01,3.300110904835252268e-01
1.322390310935358249e-01,3.218941376707121771e-01
1.453570500767957241e-01,3.550845161739453193e-01
1.363407565847854219e-01,3.347427965962134211e-01
1.266571888897389808e-01,3.114180535484712409e-01
1.096260388888482956e-01,2.725086173114149024e-01
9.465652620361529601e-02,2.357342086725230934e-01
9.685241849525179358e-02,2.418932739779335317e-01
1.004177841600893129e-01,2.504367960171541840e-01
8.934029911884798503e-02,2.242428925809002993e-01
8.993173968603741797e-02,2.263008845253895174e-01
8.925857313094204271e-02,2.228892578264750068e-01
8.853935194150794330e-02,2.210222881936995398e-01
8.729096807244587919e-02,2.159430714258230022e-01
8.546412339369965916e-02,2.109182790330527968e-01
8.159712953525462276e-02,2.005268930902272817e-01
8.280973408072543618e-02,2.038463658736060780e-01
8.531835306899053506e-02,2.098125221686751030e-01
8.996436354804428215e-02,2.207038987048855760e-01
8.815526001363471753e-02,2.175638750308251934e-01
8.588185741200932144e-02,2.111744350806886716e-01
8.183931061461290069e-02,2.016393031867705632e-01
8.037040611295151460e-02,1.987865331333561747e-01
7.898282711326583272e-02,1.947333552772533005e-01
7.564701448223276614e-02,1.872613706987522608e-01
7.645331603417727939e-02,1.885925940522630573e-01
7.793560624687079219e-02,1.915813027862899309e-01
7.832859524061441814e-02,1.914659434117565173e-01
7.681211390520666094e-02,1.897339067251324618e-01
7.746112776591002058e-02,1.936747905322384056e-01
7.630458297908482290e-02,1.916226562243438514e-01
7.699814540496001392e-02,1.924273935285348847e-01
7.316519855944365880e-02,1.827801558755837719e-01
7.497017846859717338e-02,1.879398709238101761e-01
7.893642112072862815e-02,1.960486875747980140e-01
7.888882150352537204e-02,1.956483397841235483e-01
8.285043420186014029e-02,2.044717347282286324e-01
9.016195727941631044e-02,2.204405584159429832e-01
9.628510269733181470e-02,2.343109650564255131e-01
1.028287849899964107e-01,2.499248852261297116e-01
1.049036001972585563e-01,2.551908058560502512e-01
1.121413037174581601e-01,2.721952735656311129e-01
1.136410444455233787e-01,2.753188842343146647e-01
1.130913378960374110e-01,2.740002389346469225e-01
1.187262855502738829e-01,2.869795742175563213e-01
1.150259328693611222e-01,2.775757180704601090e-01
1.088285912299208624e-01,2.617338583268064012e-01
1.103190855653827379e-01,2.650344446049004432e-01
1.087833250107501232e-01,2.631356267006285665e-01
1.059439953832327086e-01,2.560564485526467537e-01
1.056844055664207666e-01,2.548265366523877473e-01
1.033956162215600855e-01,2.483400597240275065e-01
9.483337431125235528e-02,2.273198632691051102e-01
9.042349482542123840e-02,2.166855949095034539e-01
8.229552461927640283e-02,1.977188446144791667e-01
7.345549059202864661e-02,1.774338903901575282e-01
5.772983591456583297e-02,1.414167026109023340e-01
4.722817794863350127e-02,1.158483656234787079e-01
3.467930488575008546e-02,8.478103189505364901e-02
3.017707130620015527e-02,7.314845414627711706e-02
2.908008577377183337e-02,7.069317535378340234e-02
2.778617660582949692e-02,6.923350972419493876e-02
2.607553684497625548e-02,6.569820280368056375e-02
2.411323819898050433e-02,5.988394848411218718e-02
2.497064792160202940e-02,6.076767232314067568e-02
2.777954191269920922e-02,6.767895286755876150e-02
2.676236822016908948e-02,6.547419782820781964e-02
2.760098992487263619e-02,6.716609935762632433e-02
2.841889398390104113e-02,6.959282896661352080e-02
3.506971021983874837e-02,8.488328691720145591e-02
4.970046730417367054e-02,1.212957285947057900e-01
4.621713675045395486e-02,1.133090994555069481e-01
5.272221300028079316e-02,1.292046364171017814e-01
5.126123459539725508e-02,1.247447319676342620e-01
5.463817090859000858e-02,1.325825274226149209e-01
4.122655098900656484e-02,1.005724494693123194e-01
3.958370572291174810e-02,9.667970468670328277e-02
3.784655520640941434e-02,9.223588150443372269e-02
3.439486594312002321e-02,8.351613658081259717e-02
2.917960373214253250e-02,7.091118512099384152e-02
2.500083642171328085e-02,6.075249605986032808e-02
2.127415783235966223e-02,5.163291913331796018e-02
2.412927339765126231e-02,5.812769983388722111e-02
2.399418845390887886e-02,5.777973729058869662e-02
1.896146586745051793e-02,4.641418936616786145e-02
1.828111219447530258e-02,4.414934838373321679e-02
2.071989445955594450e-02,5.029792851410923304e-02
2.335200749392520383e-02,5.679234088096957872e-02
2.821092034669079457e-02,6.806955632725344985e-02
2.611537285109385986e-02,6.373375130390404597e-02
2.956050307487667617e-02,7.189522879468986105e-02
2.965009763571175780e-02,7.210833820096490543e-02
2.910964943971882865e-02,7.099168497985329507e-02
2.726401771179449290e-02,6.647192503551233034e-02
2.418891648452338797e-02,5.935405445818361242e-02
2.092587265558595519e-02,5.188285849055786214e-02
1.899645272622163886e-02,4.807368339444098582e-02
1.669355658629553124e-02,4.102018313666683236e-02
1.834027656395049652e-02,4.509381688029220209e-02
1.747586781278201440e-02,4.337462258988798725e-02
1.778222056667544404e-02,4.403909550127012296e-02
2.152528705076399429e-02,5.397482041056100854e-02
2.191940710915846885e-02,5.531853904143500811e-02
2.202498002070165176e-02,5.574565030322246179e-02
2.342298500200410555e-02,5.895631819553003722e-02
2.523244671539197001e-02,6.441961012540782516e-02
2.792041782947823556e-02,7.015496901059511958e-02
2.633224469246685587e-02,6.684363932981042533e-02
2.310131438423042652e-02,5.939727324242258938e-02
2.120600633929008161e-02,5.558994088323756383e-02
1.870561429168880394e-02,4.851121126841323461e-02
1.988683649765946373e-02,5.097085291002138169e-02
1.991490871068545693e-02,5.095716992364292958e-02
2.074896124716843135e-02,5.265019854566306556e-02
1.931996694517227470e-02,4.918050226789377755e-02
1.868643540535362343e-02,4.677660316449835237e-02
1.917420768451228233e-02,4.731882310669699443e-02
1.692895046928516792e-02,4.199515021223269862e-02
1.641159889717064974e-02,4.087980171373945676e-02
1.588441527709244516e-02,3.961877031595010396e-02
1.612333241494932901e-02,4.025306686660352212e-02
1.879386935805668624e-02,4.565413943138053876e-02
1.607329247309774792e-02,4.030148306512285061e-02
1.358812076390461532e-02,3.314699508530647570e-02
1.230728245517577479e-02,3.027239267892124081e-02
1.205850666627205844e-02,2.970921738325311978e-02
1.205069767206548396e-02,3.046373164653397650e-02
1.155908294623131903e-02,2.902522877454041805e-02
1.210638849150031358e-02,3.032143334856714917e-02
1.201438048956137046e-02,3.045748971601988653e-02
1.210252522742126524e-02,3.065726595956095105e-02
1.171374442449590533e-02,2.913353533813158730e-02
1.151082666920411057e-02,2.857128301742124787e-02
1.054057187511169176e-02,2.670933683580463402e-02
1.010624909860063231e-02,2.610187292572275011e-02
9.069946928887037338e-03,2.293955584859370261e-02
9.831993278205856598e-03,2.455762807990649610e-02
9.418271880668935975e-03,2.317510117249505994e-02
8.887402484056412116e-03,2.206367650170760336e-02
9.594810465327468021e-03,2.363789256818918730e-02
9.994171495998479746e-03,2.473912242288302255e-02
9.402730648613790918e-03,2.357138655656179985e-02
7.744031611498624484e-03,1.960473304908931860e-02
7.931544913108717551e-03,2.020745616602628511e-02
7.749187626526223525e-03,1.970720890937308761e-02
7.761736198451355158e-03,1.969160409546949486e-02
9.176676044720295106e-03,2.343736218198115215e-02
9.825802382548175229e-03,2.523122879587301123e-02
9.047812753845259348e-03,2.323555595878785268e-02
1.141798370900910103e-02,2.900165214402569691e-02
1.160999467562088064e-02,2.960397822101778348e-02
9.584280813213157113e-03,2.493989483636306972e-02
1.033576428712817269e-02,2.653161479775552681e-02
9.807394116585120558e-03,2.508475600329529084e-02
9.415890487118867488e-03,2.384279897604395584e-02
9.267251220231134332e-03,2.279788805380852240e-02
1.033041373166166711e-02,2.533702817686351444e-02
1.047700156485443894e-02,2.571795414735513971e-02
9.952648149335026687e-03,2.443984932694736115e-02
1.006532555015227093e-02,2.471477342641844807e-02
