3.984876774906635499e-01,1.001775415433445504e+00
3.913818230401244214e-01,9.644350428657072483e-01
4.625394758406813911e-01,1.141663559219597612e+00
4.737125878367294818e-01,1.167798906663011005e+00
5.130643254920571605e-01,1.257706650619514477e+00
6.412133782748780098e-01,1.555923135995299189e+00
4.093675162103579401e-01,1.023597664468900659e+00
3.982951269006488881e-01,9.996972255088899528e-01
4.276344873571694682e-01,1.074381962767851917e+00
4.842848495802699049e-01,1.205916847751292709e+00
5.714620027278997094e-01,1.424321523296152359e+00
7.412809974266110213e-01,1.776387969798162381e+00
3.256241596306787001e-01,7.987289022728704113e-01
4.911080571394417227e-01,1.165869783304148921e+00
5.491384635712427409e-01,1.276039000683858893e+00
6.236190609514229433e-01,1.476702052128074927e+00
6.235517146275600942e-01,1.459491951468962601e+00
7.817347320516871978e-01,1.866172437990895494e+00
8.220153000978469571e-01,1.949279265390432281e+00
8.372562413924424796e-01,2.004538060559786228e+00
8.472345068993234474e-01,2.039115912459734670e+00
7.624680456515898763e-01,1.836522845850235175e+00
6.467264123555881428e-01,1.551198047433987481e+00
6.374345108236612045e-01,1.519000820265377083e+00
6.169961812958443259e-01,1.477998174908909723e+00
6.145665269551590093e-01,1.468572885599165767e+00
6.042882166626856177e-01,1.443479508521283705e+00
6.169413624497047666e-01,1.476579372190869544e+00
6.255691618789933628e-01,1.495100525278245884e+00
6.619845404688029511e-01,1.589052976230259207e+00
6.409613634172847130e-01,1.543963618745009647e+00
6.395245372947877538e-01,1.540660223821278318e+00
6.214103996332317470e-01,1.496079835525122581e+00
6.209709815093660268e-01,1.495411123853339408e+00
6.167974375065256032e-01,1.479005559757627264e+00
6.126685101038549242e-01,1.471502199757602103e+00
6.220311428331282144e-01,1.493733947326077116e+00
6.152897033622808376e-01,1.481239901382672697e+00
6.013408102388875243e-01,1.449626492369486153e+00
5.818033779438558373e-01,1.404070946819770516e+00
5.647148562250015047e-01,1.359859217752943161e+00
5.463000897035862335e-01,1.314360933482163762e+00
5.566235089160038729e-01,1.336937554218653457e+00
5.710751792870089050e-01,1.373558026827063516e+00
5.718386684133385245e-01,1.375587662916113230e+00
5.904047953348992017e-01,1.422453715268096497e+00
5.996599123524989361e-01,1.446406884256772329e+00
6.064311406860818376e-01,1.460041323047736928e+00
6.075419054399160412e-01,1.460064784326821297e+00
5.936814524375214619e-01,1.429984823445479947e+00
5.824201592838523789e-01,1.404338674210403815e+00
5.847088175930594822e-01,1.410815973769266707e+00
5.628262684291388540e-01,1.357244997922628205e+00
5.430717164019198684e-01,1.308409609618995662e+00
5.200784986978895796e-01,1.251553421277068923e+00
4.938652333645488501e-01,1.191976836858157140e+00
4.671317114292111716e-01,1.127388134609515813e+00
4.579370389621885140e-01,1.106075321145682411e+00
4.299978057161500944e-01,1.035065730031188291e+00
3.995533389452613493e-01,9.622048264545361995e-01
3.633301895316192742e-01,8.772590610143006229e-01
3.412408652653832197e-01,8.227370455116467252e-01
3.596270941050509484e-01,8.686331200254194806e-01
3.125619025082302938e-01,7.538767065303638715e-01
2.648472235472948411e-01,6.382729886638663919e-01
2.680109186719937253e-01,6.519758134422496409e-01
2.630100687060294984e-01,6.379445933264592528e-01
2.411782908204961606e-01,5.903379153840556670e-01
2.253131733242623447e-01,5.532319668927021539e-01
2.148232336320618774e-01,5.283520291905008381e-01
2.118673857091309953e-01,5.180156864487145407e-01
2.029643150583506639e-01,4.948515228317698078e-01
1.886052756537313080e-01,4.599314307460653506e-01
1.677314330033859990e-01,4.065804643099895643e-01
1.437704202503282402e-01,3.510788945566772901e-01
1.419526628461793005e-01,3.464111139775938875e-01
1.331379191102207982e-01,3.256616566380145517e-01
1.160174110537129377e-01,2.852431727482089285e-01
1.044973102627046041e-01,2.577957709691615640e-01
1.116777473176285701e-01,2.740506737968911311e-01
1.280983171049658587e-01,3.153363920551686683e-01
1.285630014246485486e-01,3.148731556395796272e-01
1.199549962867323127e-01,2.931880622026144523e-01
1.025969823776412410e-01,2.543764456621863124e-01
8.183514352236535838e-02,2.070248676084569806e-01
7.038329105714928591e-02,1.815000300095827024e-01
5.677284428506204628e-02,1.421932959529073615e-01
5.787095949652737437e-02,1.432888460998730518e-01
5.945157559830949873e-02,1.475496709289837449e-01
6.293398123787327658e-02,1.556003998666913024e-01
6.104697997984055713e-02,1.503191981506521724e-01
6.177735514324708688e-02,1.524361560011117944e-01
6.001566995819771627e-02,1.494847659833283549e-01
6.438460365158413246e-02,1.587407414868364786e-01
5.608139609931749037e-02,1.382572485046548172e-01
5.254670379877742631e-02,1.297346883888759461e-01
5.228885587985859090e-02,1.291446272772258652e-01
5.158644831037719619e-02,1.260435912044319262e-01
5.089556206506400809e-02,1.263278315046278411e-01
4.726330389673331911e-02,1.173367014513703038e-01
5.048224936159002862e-02,1.298334316175858982e-01
4.860125240568144434e-02,1.244765195411606518e-01
5.273603959645051936e-02,1.338771223007348687e-01
4.900696887014795167e-02,1.237948602211844246e-01
5.121945995637131738e-02,1.299452198783566936e-01
4.708245828916938353e-02,1.198641739371042042e-01
4.596897080281957954e-02,1.162257163830823919e-01
4.481732836211416160e-02,1.126166559071527934e-01
4.756972774045417629e-02,1.205533424246318375e-01
5.042204485442451645e-02,1.277368595113597405e-01
5.643823616471990712e-02,1.410236352922691339e-01
5.256087340884314785e-02,1.298327450330635235e-01
4.555118611031919867e-02,1.136428678946157372e-01
4.389721673630147397e-02,1.100804009910110320e-01
4.056697660359117469e-02,1.003530972825003448e-01
3.905813606740879407e-02,9.686434333697252486e-02
4.086271365565354724e-02,1.012959712427558417e-01
4.460986243646985344e-02,1.097539803147340176e-01
4.024248152236632736e-02,1.005813949540896174e-01
4.297104730436426129e-02,1.080900841433171944e-01
5.127628436428151304e-02,1.284340910348900633e-01
5.280088952492345555e-02,1.322270183193351989e-01
4.626573663769419781e-02,1.159525731613257615e-01
5.206096960054920619e-02,1.289182069348030757e-01
5.680745944136905007e-02,1.386198518817640946e-01
6.252139772593784395e-02,1.520609748544604345e-01
6.295883772062936534e-02,1.530180165532704639e-01
5.133998175750954102e-02,1.267541619725524593e-01
4.891869743322653508e-02,1.208741384990573847e-01
4.735172790580490648e-02,1.167395299114636492e-01
4.804463568830247278e-02,1.183455474534714780e-01
4.999199976012223823e-02,1.224466299240068445e-01
5.562011395531394481e-02,1.365378504926437198e-01
5.467355974798721041e-02,1.353515258729946769e-01
5.255480482814639531e-02,1.295572431573185079e-01
4.433136104858681481e-02,1.103764418361677241e-01
3.949010459806913398e-02,9.956884170501138775e-02
3.788129205200353733e-02,9.512865917632254420e-02
3.652101245296995868e-02,9.252461053729549301e-02
3.767380208000631336e-02,9.515900661704475294e-02
4.109509722703502677e-02,1.029721540226885834e-01
4.266322107662074564e-02,1.072131946429096400e-01
4.066426802669098617e-02,1.025759285332653314e-01
4.264748456186719106e-02,1.068193122294826963e-01
3.743340371020322660e-02,9.434432644028281634e-02
3.753258793234254959e-02,9.464103948802332633e-02
3.467283553732591200e-02,8.803254779982855327e-02
2.801426194660713159e-02,6.945658208023899882e-02
2.733501297635660202e-02,6.833569427827669573e-02
2.603279165224916397e-02,6.426529247757323260e-02
2.699447647197168731e-02,6.722875890126001064e-02
2.592590225670548393e-02,6.422384831288954765e-02
2.450809006474156254e-02,6.034865693501161726e-02
2.454164033028631564e-02,5.957207994103752569e-02
2.279003538346183536e-02,5.611758688824704938e-02
2.291166761859612586e-02,5.683808836047232749e-02
2.377120993695984799e-02,5.872077995582180437e-02
2.466283916999261264e-02,6.081135927063457958e-02
2.269229804791865479e-02,5.521394689396150190e-02
2.301044050841110494e-02,5.720881323628909665e-02
2.119703508974466258e-02,5.144794677640733560e-02
2.044354650473427862e-02,5.062351766625648730e-02
2.060632914343700148e-02,5.108342056152625349e-02
1.992560249302175249e-02,4.896902583415804061e-02
2.071745958501553658e-02,5.032462732911022890e-02
2.064675039894799113e-02,5.009893062997577279e-02
2.017120172789664198e-02,4.884675243506476222e-02
2.079783558623398559e-02,5.055467578414300084e-02
2.079783558623398559e-02,5.055467578414300084e-02
