1.107143261625934239e+00,2.915445957813987410e-01,5.902704501952059646e-01,1.098328220025363233e+00,3.524828522218708571e+00,2.073689000958063744e+00
9.784968333516324002e-01,2.258027680101975798e-01,4.660438061452669145e-01,9.728260780290327592e-01,2.777558683175464171e+00,1.653236261211751268e+00
9.204320024793462007e-01,2.185065111154928796e-01,3.973774586404391629e-01,9.149546930760544816e-01,2.648984787267795404e+00,1.393440300195125436e+00
8.920225551450746693e-01,2.115707538739145521e-01,3.721823211860618708e-01,8.861580355102599560e-01,2.519751163264452476e+00,1.269458419806425153e+00
8.748211487132190323e-01,1.979669413364559538e-01,3.572720740117790172e-01,8.681719910392208250e-01,2.317963520028371693e+00,1.168371654594437592e+00
6.543629129096503183e-01,8.317409482485701999e-02,3.367774175356104682e-01,6.724855888525477221e-01,1.003317642674519172e+00,1.079557227072279302e+00
6.541830149587815058e-01,8.293242052562858901e-02,3.370187722991183077e-01,6.723260363974045140e-01,1.000131528607017373e+00,1.080210480435073617e+00
6.544036473405292487e-01,8.292264868907954500e-02,3.369124531636908393e-01,6.725375502113927206e-01,1.000074990183838830e+00,1.079922404811546333e+00
6.543345902335575559e-01,8.293505256206121223e-02,3.370400057042911013e-01,6.724732857488897597e-01,1.000164944360101726e+00,1.080268771331906352e+00
6.541266497314509598e-01,8.293484833262504408e-02,3.370640157128646508e-01,6.722703952053094012e-01,1.000172971233595609e+00,1.080329167504430643e+00
6.541766064256627766e-01,8.291503426369603580e-02,3.368233806195631286e-01,6.723195747356469631e-01,1.000054146830255508e+00,1.079667126898073315e+00
6.541521852615940213e-01,8.292316081414322082e-02,3.371113436098172600e-01,6.722924135979394533e-01,1.000095295468582668e+00,1.080457267784237008e+00
6.542227003343666913e-01,8.291670107154498759e-02,3.368565594564154053e-01,6.723632742771736837e-01,1.000054420799999289e+00,1.079761558823640444e+00
6.546254072515527156e-01,8.290140777279014772e-02,3.365523125584199415e-01,6.727527270574552576e-01,9.999985117649886623e-01,1.078932485989604562e+00
6.544925827896815873e-01,8.292798607064036376e-02,3.367094775508120419e-01,6.726240148912664418e-01,1.000123913251492525e+00,1.079369541489610507e+00
6.543860882240258858e-01,8.291089349564430278e-02,3.368915782692804561e-01,6.725196850053334341e-01,1.000017331339734028e+00,1.079892952354452706e+00
6.543743429040033144e-01,8.293376485816991717e-02,3.369205417337789443e-01,6.725102697312909106e-01,1.000133907175422499e+00,1.079978702570620674e+00
6.545595957122730679e-01,8.292130535584732454e-02,3.368414936046078556e-01,6.726908804648729090e-01,1.000057118044507032e+00,1.079756965956784498e+00
6.543088577206771506e-01,8.292106658174747125e-02,3.370169774915053873e-01,6.724465524568272734e-01,1.000059075875798120e+00,1.080240401739180234e+00
6.544067905162889165e-01,8.292736373534284611e-02,3.370369475322737562e-01,6.725409577717120779e-01,1.000098858248938516e+00,1.080298363742014489e+00
6.543379213576715481e-01,8.292529162791183184e-02,3.369348727832510715e-01,6.724761112405963637e-01,1.000083104039221515e+00,1.080018470075490677e+00
6.543156496768396391e-01,8.291850446007305309e-02,3.368573644231036002e-01,6.724536008292770761e-01,1.000043055625152277e+00,1.079808818270508564e+00
6.542329117810014028e-01,8.292902303344894255e-02,3.369331531847789551e-01,6.723740284174749560e-01,1.000106016449268775e+00,1.080013489368246260e+00
6.546011613927769091e-01,8.292629739217084739e-02,3.368400536860301497e-01,6.727313869350878273e-01,1.000085403732392519e+00,1.079749302700905078e+00
6.544336712229653630e-01,8.292901910621297557e-02,3.368880898515655975e-01,6.725670188546296613e-01,1.000106178706225979e+00,1.079882704618087219e+00
6.544310992149401374e-01,8.292549232233871470e-02,3.367723740098577667e-01,6.725633151093327600e-01,1.000081153651612542e+00,1.079572914903922154e+00
6.544095010016474090e-01,8.292310591365534278e-02,3.367431477904448411e-01,6.725407243469633256e-01,1.000062656643775805e+00,1.079493936392485365e+00
6.545142184881258540e-01,8.291804870196359256e-02,3.369905760293189778e-01,6.726432984993349073e-01,1.000040199425940912e+00,1.080173186064488755e+00
6.543847696361910771e-01,8.292073132404916003e-02,3.368897990395609554e-01,6.725172461902861887e-01,1.000056685809020962e+00,1.079903214574286618e+00
6.543831016240488907e-01,8.293111978255768291e-02,3.367270872714675511e-01,6.725160571786992225e-01,1.000114533574441245e+00,1.079460507240319833e+00
6.544668208626795991e-01,8.292142028058736847e-02,3.370464062804817140e-01,6.725957280654661918e-01,1.000055301011013364e+00,1.080334508634766655e+00
6.542699440331248839e-01,8.292820715429119471e-02,3.368795978685204529e-01,6.724011165713742466e-01,1.000102438157553619e+00,1.079873576030064841e+00
6.543614741817809222e-01,8.291807820217075853e-02,3.367763728640885690e-01,6.724857088350613132e-01,1.000036881356412666e+00,1.079586085323386069e+00
6.543388203398086134e-01,8.292671841711130032e-02,3.368383699590801195e-01,6.724627118829215044e-01,1.000089621206694535e+00,1.079748996905870007e+00
6.541070191763426189e-01,8.292437728044900480e-02,3.370112140948414159e-01,6.722322130248813421e-01,1.000081191247046419e+00,1.080216480489714304e+00
6.542865176468716237e-01,8.291785148701022456e-02,3.368226742227856674e-01,6.724017899839009882e-01,1.000042891600246175e+00,1.079706655510240809e+00
6.544770009070264294e-01,8.292055379918168712e-02,3.368556839696975058e-01,6.725855043606379091e-01,1.000051845853334953e+00,1.079806967802702689e+00
6.546579017483744600e-01,8.291936322331752707e-02,3.368538941763253858e-01,6.727583182499938808e-01,1.000039934991096890e+00,1.079801256119079511e+00
6.543703930937800894e-01,8.291722809069182465e-02,3.368011109195561681e-01,6.724761098492911815e-01,1.000035709987014076e+00,1.079655042387771990e+00
6.543892514073404998e-01,8.292492280241425817e-02,3.368276762393381252e-01,6.724924295724482581e-01,1.000083753182871016e+00,1.079726753397292294e+00
6.543803632938418602e-01,8.292544691108490185e-02,3.368222452252799259e-01,6.724838255607460402e-01,1.000086034344623842e+00,1.079716168649367036e+00
6.546922581326464208e-01,8.292593356354485690e-02,3.369085200937709246e-01,6.727834491212766332e-01,1.000083856854283360e+00,1.079954973158655740e+00
6.542840221057288908e-01,8.292796144713505957e-02,3.369213960292062326e-01,6.723835079264144365e-01,1.000091626081291096e+00,1.079986255032766129e+00
6.543877243273017452e-01,8.292117231954329593e-02,3.368264807671004224e-01,6.724806823070466066e-01,1.000054556019432495e+00,1.079724688276367139e+00
