l1_absolute_error_u:  0.0006902063355285472
l2_relative_error_u:  0.0007803424349791136
l1_absolute_error_v:  0.0003785537162690094
l2_relative_error_v:  0.0049023459850206395
l1_absolute_error_p:  0.0004768095109242431
l2_relative_error_p:  0.0016727156284106477
