l1_absolute_error_u:  0.0008857478779411727
l2_relative_error_u:  0.000885291155407463
l1_absolute_error_v:  0.00045488086775457805
l2_relative_error_v:  0.005686009313164489
l1_absolute_error_p:  0.0009544023303784927
l2_relative_error_p:  0.0032638838077233947
