l1_absolute_error_u:  0.0012279479973321757
l2_relative_error_u:  0.0012974504334429576
l1_absolute_error_v:  0.000518764330550467
l2_relative_error_v:  0.0063857693923192165
l1_absolute_error_p:  0.0006156566888914957
l2_relative_error_p:  0.0022818099171755847
