l1_absolute_error_u:  0.0005741315149887989
l2_relative_error_u:  0.0006137054348497375
l1_absolute_error_v:  0.00030605694299286085
l2_relative_error_v:  0.00376161626554034
l1_absolute_error_p:  0.00044016145999175633
l2_relative_error_p:  0.0014751568109462557
