l1_absolute_error_u:  0.0005920561254395285
l2_relative_error_u:  0.0006084223218559519
l1_absolute_error_v:  0.0003373568965173861
l2_relative_error_v:  0.004208801680244928
l1_absolute_error_p:  0.0004883913804368508
l2_relative_error_p:  0.0016771726247103616
