4.312904058266238128e-01,1.075964283645321373e+00
3.996769811625515700e-01,1.004409015040026443e+00
3.980999985804742902e-01,1.001116480296340594e+00
3.978203886044499038e-01,1.000633734625524518e+00
3.979992798787183594e-01,1.000726618967095582e+00
4.047235465078603545e-01,1.010996114891521858e+00
4.104201378248878429e-01,1.017797348456907169e+00
4.204764658237033492e-01,1.033449182425862700e+00
4.248273631805374873e-01,1.041034832072462946e+00
4.297323258829907067e-01,1.049649066035348577e+00
4.300332618956681507e-01,1.049614148815978254e+00
4.297875030816524222e-01,1.048251337560124785e+00
4.338499974401618386e-01,1.055290868429232809e+00
4.349790312862458208e-01,1.056922696670000716e+00
4.308497928443345559e-01,1.048254003651473143e+00
4.315981388817761166e-01,1.049042917547139186e+00
4.275648710089418048e-01,1.041590552751199050e+00
4.260820808123555459e-01,1.039070183296776806e+00
4.270015752976373813e-01,1.040994277321019679e+00
4.280461284802904443e-01,1.042872070297572673e+00
4.247674193114153174e-01,1.036956050566609111e+00
4.251619026768443943e-01,1.037682878367342409e+00
4.224265407625997781e-01,1.032402133655880627e+00
4.207900832593584051e-01,1.029208762075846328e+00
4.218088784683515780e-01,1.031364060294574392e+00
4.222546870455604062e-01,1.032051521513666303e+00
4.226089208057653424e-01,1.032695544465154658e+00
4.226500232315876238e-01,1.032704000750560347e+00
4.234192447115849856e-01,1.034050517855410911e+00
4.216372508545074838e-01,1.030662065167054831e+00
4.212623389126245455e-01,1.030117351339243870e+00
4.215517755298123781e-01,1.030704608497738040e+00
4.223984764088181687e-01,1.032552836040615318e+00
4.207286170742222664e-01,1.029434415406073944e+00
4.230500356832037068e-01,1.033776812237542586e+00
4.236174840319865131e-01,1.035038539403779101e+00
4.233719866823562605e-01,1.034320906310832733e+00
4.228643376763731587e-01,1.033312073468006131e+00
4.234299071501838596e-01,1.034180391039889457e+00
4.234899050980870938e-01,1.034020052877095086e+00
4.211764707796936680e-01,1.029388152614315377e+00
4.210482045626843250e-01,1.029002927177760984e+00
4.223932218049963883e-01,1.031779341175388609e+00
4.214056797140847133e-01,1.030066327991404629e+00
4.217498942340938695e-01,1.030571497317663843e+00
4.201160293863744344e-01,1.027370300811556669e+00
4.197575774957621464e-01,1.026741328009663334e+00
4.194522042694963648e-01,1.026217589327539814e+00
4.233982031470901464e-01,1.033866457693014551e+00
4.223363318020981749e-01,1.031413738618023546e+00
4.219073978532535962e-01,1.030641188687994925e+00
4.215759065636965897e-01,1.029908390936291829e+00
4.218380530500894787e-01,1.030421374162090897e+00
4.201365043555144174e-01,1.027113663007201971e+00
4.198584799635766140e-01,1.026583201729528882e+00
4.227668404728221474e-01,1.032094288102819224e+00
4.217661546787804805e-01,1.030055641136468747e+00
4.231934562845155456e-01,1.032784945305095459e+00
4.221989495951789517e-01,1.030854065142827514e+00
4.225164407850777737e-01,1.031305866348044109e+00
4.211319490469338511e-01,1.028717493053694199e+00
4.218596738121002110e-01,1.030319692415365918e+00
4.214398885166818487e-01,1.029482179393781616e+00
4.210748349385227129e-01,1.028707235475249337e+00
4.227997015607943276e-01,1.032221855620006679e+00
4.218775855010180043e-01,1.030239392188260883e+00
4.224240068537801762e-01,1.031282026807768260e+00
4.216180776600201852e-01,1.029717502550714148e+00
4.224078359278309325e-01,1.031144793252215530e+00
4.217752233735200251e-01,1.029835512541607656e+00
4.223518798853767020e-01,1.030940235134851557e+00
4.217111470216393099e-01,1.029697144958680477e+00
4.202450922357861551e-01,1.026789318493285030e+00
4.205102995238083063e-01,1.027300415829434987e+00
4.206990652364056560e-01,1.027607293226038943e+00
4.205032723070696310e-01,1.027225593892283184e+00
4.211121119562423742e-01,1.028661028851041603e+00
4.213371599046557003e-01,1.029013750471850397e+00
4.207281255583938395e-01,1.028052506424200319e+00
4.200740175646553998e-01,1.026761104054432883e+00
4.195544796658390863e-01,1.025630892573202058e+00
4.198473591723997922e-01,1.026144911241707591e+00
4.191743235912812615e-01,1.024743180007448906e+00
4.203616203360615033e-01,1.027033398575645018e+00
4.195154709317219233e-01,1.025402169591748791e+00
4.188031360388500546e-01,1.024044755032707199e+00
4.194377082970945358e-01,1.025313708621187647e+00
4.191030907722357313e-01,1.024485360819668012e+00
4.190078556703268897e-01,1.024260771295913974e+00
4.182301801135739905e-01,1.022703277425591306e+00
4.187127033248125296e-01,1.023466956443668252e+00
4.175348979195058763e-01,1.021255492058408265e+00
4.177689889336808626e-01,1.021553334336328334e+00
4.185249052377428836e-01,1.023030789107135741e+00
4.179964768139196041e-01,1.022013657549626586e+00
4.183952452611147121e-01,1.022778159730321379e+00
4.172871405584489546e-01,1.020381987384983091e+00
4.177036570312963049e-01,1.021203433200366995e+00
4.179125979592748785e-01,1.021504957766880883e+00
4.186609650440934471e-01,1.022816469116201166e+00
4.182517672196326974e-01,1.022130638933318680e+00
4.188643556228576204e-01,1.023311097618524235e+00
4.180433002999425218e-01,1.021764032501659925e+00
4.187035458981411273e-01,1.023024752262079229e+00
4.188546211452670587e-01,1.023244203686874076e+00
4.179980655381232424e-01,1.021602214527867591e+00
4.177780554289806103e-01,1.021135655136971021e+00
4.175122760520516563e-01,1.020415116398516231e+00
4.168383570783084635e-01,1.018957764566550628e+00
4.174340925946348757e-01,1.020288726559219761e+00
4.172546145032969278e-01,1.019719929781065293e+00
4.168535104030259286e-01,1.018923067679816663e+00
4.176600944212363054e-01,1.020699955569204898e+00
4.164624635318670554e-01,1.018336083346215171e+00
4.167980239455756353e-01,1.018888930774771939e+00
4.168054324220080153e-01,1.018933515831187853e+00
4.167594200678406136e-01,1.018693532837139815e+00
4.159323600117838526e-01,1.017063450014866088e+00
4.158098633813107625e-01,1.016759233787644545e+00
4.152685394978264388e-01,1.015659904272964154e+00
4.150236715093454931e-01,1.015188890531939281e+00
4.146712351572858224e-01,1.014488848336184024e+00
4.141665436532874223e-01,1.013562508631143944e+00
4.152211314178275714e-01,1.015603113582928652e+00
4.151015159977714530e-01,1.015349611502482707e+00
4.153790094460660942e-01,1.016021212912323168e+00
4.145380734134458400e-01,1.014276967150581577e+00
4.138081306508131774e-01,1.012718664893693665e+00
4.136848178398696563e-01,1.012498082267385247e+00
4.131065159122174757e-01,1.011271316106140183e+00
4.132207728303392558e-01,1.011432106303737477e+00
4.145649676265118488e-01,1.014038753719989971e+00
4.135518767451332733e-01,1.012030914619251876e+00
4.125624222044791956e-01,1.010148320055953119e+00
4.119259945054215000e-01,1.008783318482397329e+00
4.122055035018502012e-01,1.009147679084656080e+00
4.120792180848528719e-01,1.008905113097877893e+00
4.136663714853437424e-01,1.011991727731769819e+00
4.132627904403372576e-01,1.011215288630985754e+00
4.147957122587983547e-01,1.014369068976816335e+00
4.149416296671976090e-01,1.014528140633615738e+00
4.142436652252231566e-01,1.013150188396493068e+00
4.136479764209756715e-01,1.012090130798597665e+00
4.143433489466080699e-01,1.013449609900156645e+00
4.141635087318062958e-01,1.013000419007678676e+00
4.146349012261011935e-01,1.013769652890457618e+00
4.153730507332925037e-01,1.015182785327335191e+00
4.155967149311073361e-01,1.015769635343442001e+00
4.144459297569306755e-01,1.013516866326881205e+00
4.150322150220566719e-01,1.014652819802447370e+00
4.148986747554180288e-01,1.014368016058972977e+00
4.152429105116759445e-01,1.015015478380942859e+00
4.143845072885592451e-01,1.013389875379278049e+00
4.143620123620027629e-01,1.013425533848717697e+00
4.144261999040735889e-01,1.013455534886817722e+00
4.137310433729893822e-01,1.012067027271621233e+00
4.142752435284182133e-01,1.013027226307012363e+00
4.145525015142771941e-01,1.013501922893824903e+00
4.137727098230649103e-01,1.011843193677689712e+00
4.140372196514362502e-01,1.012282593363854843e+00
4.141456340728795760e-01,1.012561716241306087e+00
4.150219642956443633e-01,1.014217353949676159e+00
4.141528669248300543e-01,1.012541360252752209e+00
4.137988885639483638e-01,1.011814635834787257e+00
4.151027445583952424e-01,1.014327489414493355e+00
4.157970859091067450e-01,1.015659133639857714e+00
4.156827799217614472e-01,1.015362936837400420e+00
4.166148572118358873e-01,1.017206713907205406e+00
4.151466882709199391e-01,1.014382980150904556e+00
4.154767421578171582e-01,1.014947379239660830e+00
4.148934390591471066e-01,1.013808118004595693e+00
4.155192359033227367e-01,1.015110402175506188e+00
4.156927677198195004e-01,1.015416438968594459e+00
4.157668749504140338e-01,1.015582183644346381e+00
4.167108917176408078e-01,1.017360566690275414e+00
4.158569056022531352e-01,1.015578212478851272e+00
4.153149183950708978e-01,1.014544917435176830e+00
4.148417834756534806e-01,1.013618238195048482e+00
4.149236860580539643e-01,1.013673052990829992e+00
4.153572587466824451e-01,1.014464467214404086e+00
4.156586688844738919e-01,1.015008113951830104e+00
4.156864519355571441e-01,1.015047913591300421e+00
4.146850425850593380e-01,1.013148996096726373e+00
4.150709625338394049e-01,1.013962591075816544e+00
4.152067593535910262e-01,1.014263599417233985e+00
4.158250372808854345e-01,1.015538401403103475e+00
4.155872981074106298e-01,1.015069652344104512e+00
4.161889014405693032e-01,1.016222532121241251e+00
4.165795177279467687e-01,1.017009807674028155e+00
4.158119005689527303e-01,1.015468032413684218e+00
4.151719977139824436e-01,1.014144040435716931e+00
4.152695264410615206e-01,1.014274844919598406e+00
4.150649929568807073e-01,1.013947342143742603e+00
4.152896750228637912e-01,1.014488429285800297e+00
4.156617932941063520e-01,1.015189414334677798e+00
4.153153802412889450e-01,1.014495319582589206e+00
4.154048192309710563e-01,1.014651101926229648e+00
4.154339975984505107e-01,1.014634644114594808e+00
4.157667015211158335e-01,1.015325609074996915e+00
4.152083736973999351e-01,1.014225666773441281e+00
4.152591729502720375e-01,1.014249575589983854e+00
4.147984048937933821e-01,1.013333993914623976e+00
4.157476856286818623e-01,1.015191038988546790e+00
4.148605997043534610e-01,1.013536758097999479e+00
4.144050086561916202e-01,1.012575203856671768e+00
4.151146823556750021e-01,1.013896736290446965e+00
4.148835139223413515e-01,1.013360232829003671e+00
4.151682518179551362e-01,1.013857773297294207e+00
4.148660646899402504e-01,1.013357044972275522e+00
4.151569679096361876e-01,1.013937418783433575e+00
4.150208939115365703e-01,1.013626171007390164e+00
4.143920355590272053e-01,1.012347755256015835e+00
4.138196057454964771e-01,1.011131975017726559e+00
4.141739278807066715e-01,1.011804876976670986e+00
4.139701567187062947e-01,1.011542915375752694e+00
4.151161830029435618e-01,1.013818920359904174e+00
4.145765094580727284e-01,1.012840156734136521e+00
4.141047829016947790e-01,1.011933671392429623e+00
4.147319857023781808e-01,1.013183450238831496e+00
4.145730912535787738e-01,1.012912130005814149e+00
4.138613678954512487e-01,1.011539844585237713e+00
4.146094758128237023e-01,1.012977624521094411e+00
4.147201508899240330e-01,1.013136837739870399e+00
4.138935344843027719e-01,1.011493842330297932e+00
4.138348806415391712e-01,1.011354686512058176e+00
