4.250768255248126293e-01,1.818494200280399209e+00
3.981889748078443758e-01,1.733804646626091683e+00
4.101950584338031058e-01,1.769230190816730497e+00
4.121093160578014336e-01,1.777175706168446112e+00
4.395970849704157191e-01,1.892044075683516624e+00
4.722355320214949859e-01,2.034458724303515265e+00
4.400056849266957837e-01,1.915122853487939869e+00
4.425431466578305661e-01,1.901094899059509125e+00
3.768081456666266815e-01,1.635418801714743520e+00
3.988057948716520751e-01,1.756302948053223290e+00
3.832103470372033027e-01,1.683327638243316438e+00
3.650943660578619965e-01,1.589442585021792365e+00
3.503756368321627179e-01,1.519516050764614379e+00
3.338217610527373092e-01,1.447105655088004594e+00
3.228790973477680959e-01,1.399851332908125912e+00
3.222386381989080228e-01,1.399130306271911373e+00
3.233748732589434294e-01,1.404143732223097185e+00
3.279284524913093080e-01,1.422697718938619849e+00
3.318112305414258612e-01,1.441862850616437930e+00
3.307427038167605193e-01,1.436663519853932591e+00
3.303354225750866902e-01,1.435890678738242832e+00
3.305802283277155529e-01,1.437258322962539081e+00
3.299476486559810295e-01,1.433590698764662053e+00
3.287293581283773913e-01,1.427587004950465754e+00
3.256842389633115009e-01,1.414764647851599166e+00
3.243489082873443619e-01,1.409233224561108555e+00
3.230266689533098368e-01,1.403722052609290838e+00
3.229394858812252300e-01,1.403419342069046616e+00
3.233056532092309365e-01,1.405240245784322495e+00
3.235513913021809129e-01,1.406255335015068830e+00
3.240380534485368114e-01,1.408550919874043350e+00
3.242635933766918055e-01,1.409151618285628293e+00
3.248262508953358996e-01,1.411685552653092701e+00
3.253352924402517776e-01,1.414502819205575079e+00
3.252949080679795602e-01,1.414659421311464271e+00
3.255542655197167234e-01,1.415893514771462414e+00
3.251052319747286812e-01,1.413905286828281538e+00
3.241401661251176458e-01,1.409744096117455214e+00
3.245151876263151491e-01,1.411158192520442167e+00
3.247543623633813437e-01,1.412071746474042433e+00
3.248365465229349769e-01,1.412294548426173080e+00
3.244248519154457333e-01,1.410436073175558302e+00
3.240130828915552264e-01,1.408466077036684361e+00
3.235240679846848599e-01,1.406305004056926933e+00
3.234425458474379234e-01,1.406164629047648607e+00
3.227491255210759302e-01,1.403241886122707172e+00
3.221536384558854604e-01,1.400770016216075220e+00
3.214038206722998336e-01,1.397761501214850988e+00
3.209818578157465629e-01,1.396079910020399995e+00
3.201045576572738582e-01,1.392475778654865826e+00
3.194828976455992842e-01,1.389961713652985376e+00
3.197159045455862381e-01,1.390607049097386971e+00
3.195007500520383736e-01,1.389793332558017847e+00
3.192753041534656666e-01,1.389022757715832057e+00
3.198608597359839378e-01,1.391281210090963283e+00
3.201271004265875408e-01,1.392287549824523740e+00
3.203726525424538396e-01,1.393176748401570686e+00
3.208148359737562072e-01,1.394832804332598597e+00
3.212923772689326163e-01,1.396663239072986284e+00
3.210312718495818007e-01,1.395630592400388670e+00
3.205072481624344771e-01,1.393557904823593763e+00
3.201767178735601127e-01,1.392315053715805995e+00
3.196180580737617571e-01,1.390181989659694972e+00
3.188174649647180225e-01,1.387385492307821488e+00
3.179356210874356159e-01,1.384289041118848207e+00
3.174394294926548565e-01,1.382488660055905871e+00
3.172869848999933517e-01,1.381951022927897510e+00
3.171465677561287055e-01,1.381462635786928628e+00
3.169311559182588778e-01,1.380699770174819596e+00
3.169419439811402839e-01,1.380767344335683156e+00
3.169658516575733498e-01,1.380861687074721900e+00
3.171278617842164249e-01,1.381497227133894334e+00
3.174202847094350632e-01,1.382548734007183810e+00
3.172642935856282431e-01,1.381988850334048502e+00
3.171243209803177310e-01,1.381572511038028805e+00
3.169103860266644923e-01,1.380822121860225682e+00
3.168886815859150996e-01,1.380713494014022436e+00
3.168469537514582712e-01,1.380586702675016486e+00
3.168832895614309142e-01,1.380765874362112289e+00
3.169505087600746895e-01,1.381011275164604646e+00
3.169509160885469190e-01,1.381015422688857130e+00
3.170016331664470832e-01,1.381222611279506518e+00
3.169358099436968557e-01,1.381006271423165677e+00
3.168860977911504007e-01,1.380788699794446517e+00
3.167992056533536216e-01,1.380522964755375837e+00
3.168513267822885560e-01,1.380711709900187545e+00
3.169934734868152248e-01,1.381229814810613243e+00
3.169628825687871854e-01,1.381125947149046906e+00
3.169513271718311098e-01,1.381073372961635792e+00
3.168388800676500971e-01,1.380691560746369673e+00
3.167270470085891132e-01,1.380282118788844103e+00
3.165951737476255246e-01,1.379846559248748328e+00
3.165596526462798876e-01,1.379714362625263702e+00
3.165569512309605038e-01,1.379732037218638130e+00
3.166209850755119515e-01,1.379963807365195194e+00
3.165990733941075885e-01,1.379900687047819208e+00
3.166167706858202813e-01,1.379985177099922078e+00
3.166890598748616781e-01,1.380256789508644832e+00
3.168784242077180013e-01,1.380918021739341750e+00
3.169596494774233886e-01,1.381214700277381580e+00
3.170367017472304760e-01,1.381498048642190835e+00
3.170381945244885591e-01,1.381548397731410249e+00
3.169548387575741866e-01,1.381255234027644718e+00
3.169132440488429125e-01,1.381132306440143731e+00
3.169923390713970113e-01,1.381459563737222451e+00
3.170542296140015370e-01,1.381689339752870671e+00
3.170844162736183858e-01,1.381805941519964387e+00
3.170601493046575348e-01,1.381743046260472285e+00
3.171308629248577593e-01,1.382005626573103774e+00
3.171496269702610560e-01,1.382097541635804783e+00
3.170713726837252056e-01,1.381850757880584313e+00
3.170392005278355740e-01,1.381751927971873073e+00
3.170991567424703006e-01,1.381963066591488154e+00
3.171232848789279357e-01,1.382074954906056252e+00
3.171786263165377040e-01,1.382287180945246607e+00
3.171966644349447084e-01,1.382386353874876184e+00
3.171289903927074216e-01,1.382154305102696545e+00
3.170869840838005937e-01,1.382012632720869938e+00
3.170969581809681137e-01,1.382052617870252798e+00
3.170875665470330174e-01,1.382015938358599483e+00
3.170856595678825385e-01,1.382014515454777603e+00
3.170944293404296954e-01,1.382041070811076633e+00
3.171265860600158693e-01,1.382170771185484481e+00
3.172222282300855012e-01,1.382511362355176132e+00
3.172152687844804753e-01,1.382488919651982506e+00
3.172558324520385331e-01,1.382636443783633151e+00
3.172961562733873642e-01,1.382777900843856100e+00
3.172956563045764566e-01,1.382796216232803355e+00
3.174258575214710665e-01,1.383247601189937948e+00
3.175356629796539099e-01,1.383638097768622011e+00
3.175600137017738911e-01,1.383749124978244982e+00
3.176055046090485168e-01,1.383920123253299606e+00
3.177331273558277602e-01,1.384368877746380067e+00
3.177555771418906772e-01,1.384449657840759018e+00
3.178634598504623265e-01,1.384832308766863251e+00
3.179040669664879304e-01,1.384992871354953525e+00
3.180354583562196025e-01,1.385454519068959556e+00
3.181341316793036000e-01,1.385798322745600997e+00
3.181009794887064146e-01,1.385699838754105073e+00
3.180996551573614384e-01,1.385693967276797167e+00
3.179841970018408848e-01,1.385294401675748022e+00
3.179706793329453718e-01,1.385235412185907400e+00
3.180937769478941468e-01,1.385683324076739664e+00
3.182760001738749733e-01,1.386315855599582481e+00
3.184128506498484223e-01,1.386776595184456173e+00
3.185198729046433419e-01,1.387139853307869153e+00
3.185802572123242471e-01,1.387356859465941783e+00
3.185915029103247864e-01,1.387402686060471568e+00
3.187253726285385613e-01,1.387856755952253218e+00
3.187374923290766104e-01,1.387908604672191570e+00
3.186727481675381557e-01,1.387679369194326773e+00
3.186440016055874236e-01,1.387582649206422936e+00
3.187083590906479857e-01,1.387790930136245882e+00
3.186310845197953268e-01,1.387509095518318913e+00
3.186147576237980950e-01,1.387452291737815147e+00
3.185976270371749797e-01,1.387400107625374135e+00
3.185756436009751780e-01,1.387316196054933837e+00
3.185319306233743153e-01,1.387162647708198193e+00
3.185023594175327433e-01,1.387065001566436973e+00
3.184679430248540943e-01,1.386962679914655272e+00
3.184358604442252827e-01,1.386858801109481787e+00
3.183639228331765492e-01,1.386624289588842984e+00
3.184022035685518115e-01,1.386770891760471747e+00
3.183918985688043990e-01,1.386755676049732378e+00
3.183862798822346685e-01,1.386740883912028099e+00
3.183680375686632757e-01,1.386681573510846865e+00
3.183489443146063080e-01,1.386618832691105752e+00
