4.144947132152091429e-01,1.031397855172642375e+00
4.028515842961222226e-01,1.008670689401455656e+00
4.074168831901511800e-01,1.016331608710727918e+00
4.100370003463551516e-01,1.020971455291189711e+00
4.125745953689813894e-01,1.025788446948088239e+00
4.441572559668961473e-01,1.089926608947773046e+00
4.398965658797642231e-01,1.092480454184258987e+00
4.519831494144249673e-01,1.124191730112760190e+00
5.720857129049907730e-01,1.373779439811932512e+00
5.188927936674094799e-01,1.262257751763225633e+00
5.141821032235354139e-01,1.252096259952311552e+00
5.370139225201326916e-01,1.303240504421548041e+00
5.059998356714229262e-01,1.241002916688587643e+00
5.113064712110945154e-01,1.254934814851886182e+00
5.631515794589366797e-01,1.385359759311730388e+00
5.397233837058799111e-01,1.339077254890189916e+00
5.141031323698131983e-01,1.293200960671174737e+00
5.310645953507302508e-01,1.325624571672517238e+00
6.045196444039565575e-01,1.491224610063621281e+00
6.091338005739064254e-01,1.501863362183785577e+00
5.960899745034132780e-01,1.470917979009119581e+00
6.100847836936946766e-01,1.499387820668097726e+00
6.349817236162581535e-01,1.556976165388748834e+00
6.767186199175744266e-01,1.659393890918086090e+00
6.752285998262209654e-01,1.669487798919241817e+00
7.060282744289819723e-01,1.744914129660925628e+00
7.356461793906123869e-01,1.822530322592373686e+00
8.985626729284714731e-01,2.169636879019280151e+00
9.737904753884311093e-01,2.369596320870106076e+00
1.034809460638803857e+00,2.496699550966527070e+00
1.077948935997550484e+00,2.617935564943768778e+00
1.068865918704801965e+00,2.591333834578064099e+00
1.011466307946119025e+00,2.455789427915183509e+00
9.884685889904117895e-01,2.398547491629059003e+00
9.160084407449988753e-01,2.235246004825968136e+00
8.922532493429050637e-01,2.175899765713194434e+00
9.043243998329282274e-01,2.201489489908747377e+00
9.126995275347661307e-01,2.218274433990836680e+00
9.340683240661943332e-01,2.271240622865668524e+00
9.666006733958196762e-01,2.349443907198626835e+00
9.822756513484244278e-01,2.383143027669946790e+00
9.789413941792641793e-01,2.377367078424459379e+00
9.855987234627621163e-01,2.394863567258925130e+00
9.817086937621195553e-01,2.384286981260785421e+00
9.851824564399408457e-01,2.396322161510004545e+00
9.536553320391937261e-01,2.319822080991100322e+00
9.091934754435402333e-01,2.215479016003096380e+00
8.795575827041498540e-01,2.140424664173337543e+00
9.131101380919464106e-01,2.216032318387040956e+00
8.859055424445377858e-01,2.155025473718581441e+00
8.847867004520565404e-01,2.152954589740343039e+00
8.613975996456160189e-01,2.098167723658645123e+00
8.449048746444044466e-01,2.059079102438148734e+00
8.517819972157303354e-01,2.076140809547218247e+00
8.486642412652827261e-01,2.066812587602787854e+00
8.249096428484513632e-01,2.009903003559849299e+00
8.318398283558899875e-01,2.024501495147018826e+00
7.870155361702277919e-01,1.917218970637724063e+00
7.778602594901879996e-01,1.896050520060444722e+00
7.522906675397397214e-01,1.837455750433355961e+00
7.640340445723778906e-01,1.864149201691999380e+00
7.645865582642439318e-01,1.865404227959526651e+00
7.621034656939763563e-01,1.858865446855076708e+00
7.611253031368778732e-01,1.856804013075170845e+00
7.558881941831863127e-01,1.842247454375025573e+00
7.220251373466084477e-01,1.761006775185806061e+00
7.413159042663277631e-01,1.807516751674913547e+00
7.426771460920490453e-01,1.809824682529690199e+00
7.440404413540374629e-01,1.811267329838234463e+00
7.408234507416838754e-01,1.803321175086303629e+00
7.416924800035116228e-01,1.805973874418731251e+00
7.358530855573003349e-01,1.791718310795974212e+00
6.981756814611222994e-01,1.702139267074687989e+00
6.892765517508024908e-01,1.678065562483460393e+00
6.719634951488142605e-01,1.637664416330239625e+00
6.601832325301566495e-01,1.609114058310474160e+00
6.765951198375493858e-01,1.647853105321986922e+00
6.741487289741886491e-01,1.640118170981978762e+00
6.625824673829094902e-01,1.613316437644138679e+00
6.570650609287614907e-01,1.596960002995494232e+00
6.464750569278255865e-01,1.569539261789155038e+00
6.208666065538658296e-01,1.508771773960235318e+00
6.027653772345105132e-01,1.464904567705605398e+00
5.966720760091347442e-01,1.448958517283487568e+00
5.971551498561220583e-01,1.448771649825610464e+00
5.968619944870937610e-01,1.445253331842300870e+00
5.892178530481836374e-01,1.421577573888812784e+00
5.690871969551493104e-01,1.374258375781764130e+00
5.677347019453869992e-01,1.369053557351700867e+00
5.706947340874835017e-01,1.374187119725127415e+00
5.753707973483738192e-01,1.387177754832340737e+00
5.558915802455701716e-01,1.339260521000363857e+00
5.475642024548454945e-01,1.318844140120720487e+00
5.436465962600866009e-01,1.310999425891379744e+00
5.412464652946470389e-01,1.303110913115010483e+00
5.272872983442810080e-01,1.271484600071230986e+00
5.271747779612585560e-01,1.273397648901606560e+00
5.160349980523651903e-01,1.247091310687804544e+00
4.991114338977089560e-01,1.205220461518146546e+00
4.747950407893173908e-01,1.146511656562373860e+00
4.708487351551157163e-01,1.138229223568603121e+00
4.651636433327654974e-01,1.124068882348351561e+00
4.609696014961017774e-01,1.114485567900928231e+00
4.660456582030901851e-01,1.125437327434203993e+00
4.662949614701603629e-01,1.126461111708700669e+00
4.591279733153613152e-01,1.110420261344694959e+00
4.507851338147094711e-01,1.091650677274537573e+00
4.337354317693527528e-01,1.052164138918574743e+00
4.225700816197739407e-01,1.024806842832476361e+00
4.083003386249118294e-01,9.907086228582734355e-01
3.993088266995760138e-01,9.713219583751777630e-01
4.006500564304198431e-01,9.743568563736421106e-01
4.012633805556023447e-01,9.766009459849026575e-01
3.993009623970317779e-01,9.724241573936782679e-01
3.928150206790005372e-01,9.555745104540070978e-01
3.766424528532082983e-01,9.177919889536284570e-01
3.666872739958990657e-01,8.952828574348529189e-01
3.610388285960480781e-01,8.819232424933725056e-01
3.543930176136571020e-01,8.646392954505104367e-01
3.558873887093224608e-01,8.683529654581704227e-01
3.649634862685892656e-01,8.892081785237685443e-01
3.571191663778600089e-01,8.728854006783216546e-01
3.564221124011932029e-01,8.693039566166017584e-01
3.341242597920972557e-01,8.150987088062833230e-01
3.356055951956239403e-01,8.186768746017545340e-01
3.430826252988523062e-01,8.346266455205588741e-01
3.438447481299657937e-01,8.371696856083362670e-01
3.518327916800955135e-01,8.567282186481527395e-01
3.466963094019325786e-01,8.438629405747830603e-01
3.451643767575469646e-01,8.390467294726231540e-01
3.436424049264544256e-01,8.349908300996361499e-01
3.432459681322569400e-01,8.346383858247135024e-01
3.433489600255543173e-01,8.347142876283726309e-01
3.432195780900177962e-01,8.341404972905095416e-01
3.499504843505930052e-01,8.517566847951870690e-01
3.408784270330540989e-01,8.299029110610909310e-01
3.402022205532764243e-01,8.270233626123335569e-01
3.200914866245598844e-01,7.786431937886812982e-01
3.244591572938602675e-01,7.875914073405441140e-01
3.264114758607319366e-01,7.929231615868764793e-01
3.228041291353272446e-01,7.839283575660118686e-01
3.212293887244657697e-01,7.808393974758581768e-01
3.161795619437895999e-01,7.681541957010052935e-01
3.295787972203642613e-01,8.005120683911192137e-01
3.335914150101363940e-01,8.087067681243239603e-01
3.330451020673876883e-01,8.078015517326991857e-01
3.392439992755654221e-01,8.242550997324951112e-01
3.399895215258725845e-01,8.251227711363493533e-01
3.347126690579587116e-01,8.116483846912407873e-01
3.321605366236189960e-01,8.050731426735386886e-01
3.263839855737892259e-01,7.910715816343892870e-01
3.233497716042544878e-01,7.829883022284223060e-01
3.223494143286858016e-01,7.797965508044578664e-01
3.137963807768730518e-01,7.605530359498350323e-01
3.098359051324646729e-01,7.509355965769697328e-01
3.092830247975050240e-01,7.492670058008377154e-01
3.057908736408752048e-01,7.414418984342628915e-01
2.889954487715764575e-01,7.005816166226507269e-01
2.776659016198201324e-01,6.737635656611740131e-01
2.606445136878668412e-01,6.321494999534336134e-01
2.496142016933819707e-01,6.060235086333666255e-01
2.530906121397444863e-01,6.149924102994356323e-01
2.581796374332441801e-01,6.275413159720901746e-01
2.649216927271530464e-01,6.417441891822199818e-01
2.749943135257035820e-01,6.644190833445188238e-01
2.708745286376058048e-01,6.544475127743579757e-01
2.598696027382552121e-01,6.294670957692674040e-01
2.624594214001222947e-01,6.347197408809260866e-01
2.546072219036495943e-01,6.165448121447597574e-01
2.619765715567876074e-01,6.346170337983322307e-01
2.742635149711490361e-01,6.636810388553232576e-01
2.714231434355849903e-01,6.562759333761084557e-01
2.632637169010739187e-01,6.369032822678037942e-01
2.552051912400845057e-01,6.175057194755112500e-01
2.422082516053549739e-01,5.863612081683838850e-01
2.342475591214465136e-01,5.670171520060178771e-01
2.283106096339166113e-01,5.540625701771665357e-01
2.319569787749771461e-01,5.623566527906185275e-01
2.235934521158611799e-01,5.427419544783849137e-01
2.243961779880118690e-01,5.452991295495767110e-01
2.225296095552982134e-01,5.414192133223650893e-01
2.141350181564271316e-01,5.212055942872305669e-01
2.149744481888975767e-01,5.223290565255682694e-01
2.049555660099957599e-01,4.981000137696428576e-01
2.021751269149569541e-01,4.908595306931886060e-01
1.971313859943316649e-01,4.785154256023328445e-01
1.955600183760876076e-01,4.753780999522470574e-01
1.915312478126714735e-01,4.657405208444929112e-01
1.890277708099508680e-01,4.597542803858643001e-01
1.819795905284957438e-01,4.427300775451627479e-01
1.804655741705188943e-01,4.384267025154995334e-01
1.799080385057282572e-01,4.366850946216026541e-01
1.732532563497524991e-01,4.212606731563186546e-01
1.690600793220156106e-01,4.116731320711358721e-01
1.620871853230074766e-01,3.937200108781034880e-01
1.548693190999637648e-01,3.759573948604100213e-01
1.565358055594398279e-01,3.794011619354266673e-01
1.453694847151481007e-01,3.538566243953170654e-01
1.395454022326748367e-01,3.393355863060977806e-01
1.379915095894694577e-01,3.347910027989312587e-01
1.379878560983160141e-01,3.351247796582838556e-01
1.386874141795570170e-01,3.364232681480484044e-01
1.380945029912289679e-01,3.349064497330114798e-01
1.356793096817072442e-01,3.306540569035301691e-01
1.300336250591657972e-01,3.178353036486440408e-01
1.282615158440801317e-01,3.140887074375343091e-01
1.224550836055024322e-01,2.995476540048567782e-01
