5.030180494296475624e-01,1.253406131024405346e+00
3.979301986103125355e-01,1.000287707009497984e+00
3.976016983193955134e-01,9.992332505326642078e-01
3.979187329897953540e-01,9.992024183254346603e-01
3.984816042758548837e-01,9.995936446377462481e-01
4.057776158350277496e-01,1.010789306062361170e+00
4.042101447839329120e-01,1.007542785202908187e+00
4.050617519382332388e-01,1.008926244863068922e+00
4.061312514277702346e-01,1.011197154400648834e+00
4.075998417075852309e-01,1.013024067417268803e+00
4.110276429417270005e-01,1.020906800771848477e+00
4.134371468730763111e-01,1.025252029057349024e+00
4.140841230164009068e-01,1.025994477136212613e+00
4.140474785936388846e-01,1.025921331211816279e+00
4.139357608139019318e-01,1.025281470111540472e+00
4.151269621951075295e-01,1.027669420643763765e+00
4.150424702080743322e-01,1.027584664540587056e+00
4.151507596106593367e-01,1.027929019359750340e+00
4.151423900947629475e-01,1.027923353785024974e+00
4.179952992350667862e-01,1.034559827636302165e+00
4.187863347701260008e-01,1.036223307041562736e+00
4.177554986245080593e-01,1.033546900093423648e+00
4.197608124101474547e-01,1.038265401451993197e+00
4.210476499910602577e-01,1.041261701588551691e+00
4.219812986291320289e-01,1.043975243183628443e+00
4.245467828511312325e-01,1.051568732128449923e+00
4.264394270332508285e-01,1.056119538934234825e+00
4.278617637925276607e-01,1.060756256439585155e+00
4.277793945704876921e-01,1.060939742085502902e+00
4.291314356942748653e-01,1.064130422419909294e+00
4.288043483364066821e-01,1.063416579301813991e+00
4.302122328233214943e-01,1.067358728784550737e+00
4.310649636569174881e-01,1.069681750711491963e+00
4.311638139152447202e-01,1.069898058996097356e+00
4.316786847704408570e-01,1.071312833400103859e+00
4.313977767032225463e-01,1.070661073150159570e+00
4.311958069990013409e-01,1.070269269552900582e+00
4.305134321730283986e-01,1.068550966900289056e+00
4.303737463303705102e-01,1.068509197852317794e+00
4.302042898054324049e-01,1.068414761656900414e+00
4.299881464443693346e-01,1.067635530130356614e+00
4.304010181727253581e-01,1.068726786220655312e+00
4.316198896412813957e-01,1.072358809274910785e+00
4.319592032646516477e-01,1.073192258112805053e+00
4.321844117202099378e-01,1.073607188377712962e+00
4.326341165434607339e-01,1.074753457666764334e+00
4.325192562805685315e-01,1.074380738864340046e+00
4.323180205164271483e-01,1.073735220431937254e+00
4.328160347803941543e-01,1.074985910045360482e+00
4.336414992249161271e-01,1.076932523959165389e+00
4.343603960559587196e-01,1.078502094427311153e+00
4.343234378016658237e-01,1.078212279458286904e+00
4.334922541273802388e-01,1.075989303759366633e+00
4.330364707938167967e-01,1.074709306710016854e+00
4.336912830380159067e-01,1.075892378142505823e+00
4.335223208302472764e-01,1.075507426805556443e+00
4.334540425771361005e-01,1.075455939143896256e+00
4.341327259698726238e-01,1.077030312415197866e+00
4.346777330630066105e-01,1.078249135309556239e+00
4.338968339953119813e-01,1.076185784452028837e+00
4.343258082832123224e-01,1.077450418686107581e+00
4.350481409202942018e-01,1.079202676372735592e+00
4.348098878899597231e-01,1.078453900387294162e+00
4.355684975157511074e-01,1.080012989624501207e+00
4.353610292197278020e-01,1.079697188738952152e+00
4.351452889729300333e-01,1.079201803998646625e+00
4.352279426851694555e-01,1.079248688800766409e+00
4.354437751353978370e-01,1.079733414349895781e+00
4.354044543330417572e-01,1.079696167530872053e+00
4.357973707108164230e-01,1.080823855230562680e+00
4.365667831251012210e-01,1.082662271151954902e+00
4.364637977219742448e-01,1.082402509545959290e+00
4.366653232459419831e-01,1.082725219976815145e+00
4.364090616801476474e-01,1.082307175609642735e+00
4.365132494435976507e-01,1.082562697789341000e+00
4.371040577345670641e-01,1.084048875129117961e+00
4.369982281740539265e-01,1.083606806721584048e+00
4.379365257630776775e-01,1.085754537509831641e+00
4.388523163336676691e-01,1.087462542328254456e+00
4.390906924351780649e-01,1.087993171485904798e+00
4.398861213411148219e-01,1.089897536348294782e+00
4.402302834877748761e-01,1.090627333843018132e+00
4.400281307659297259e-01,1.090281304659148631e+00
4.408999523000307619e-01,1.092216141330740076e+00
4.420161434099218467e-01,1.094837189141438571e+00
4.421702811744455119e-01,1.095481512793244905e+00
4.416766354349918600e-01,1.094072563983862656e+00
4.427170973551872724e-01,1.096570068724270763e+00
4.432736523273675400e-01,1.098141979968290993e+00
4.428043495198244472e-01,1.097621415157851388e+00
4.417968780700779474e-01,1.095916723906840140e+00
4.408255934308438762e-01,1.094029185535124071e+00
4.414429177782484004e-01,1.095824065061334007e+00
4.407808728561565803e-01,1.094338939544971634e+00
4.409540552387192225e-01,1.094284667581941761e+00
4.410104136287177345e-01,1.094284044990586624e+00
4.406260691297138044e-01,1.093421351995621738e+00
4.403413331197935654e-01,1.092953684436032358e+00
4.407330432924227992e-01,1.094144612576891440e+00
4.409876123860857478e-01,1.094841816656862532e+00
4.407693399582753302e-01,1.094312742536880823e+00
4.406658216694178676e-01,1.094098270604161094e+00
4.402230402010535726e-01,1.093153703136815702e+00
4.404522676544068149e-01,1.093562956609928971e+00
4.403480759122678223e-01,1.093282077211559011e+00
4.395882638710286172e-01,1.091690153603185331e+00
4.398077166960197015e-01,1.092033483916420966e+00
4.392624577011614573e-01,1.090537409252592793e+00
4.390108061224964331e-01,1.090038142287565792e+00
4.392835582327234145e-01,1.090787101099988776e+00
4.396531124432663806e-01,1.091764411266172630e+00
4.395517943685295914e-01,1.091594136419293593e+00
4.393500415563287853e-01,1.091131062626753634e+00
4.396701315586377112e-01,1.092013530412798472e+00
4.390910334028381712e-01,1.090409921461136467e+00
4.390748040216694847e-01,1.090425714606410024e+00
4.390503511802255066e-01,1.090570280187708629e+00
4.398025512771659984e-01,1.092605031847732500e+00
4.396941408652050853e-01,1.092383374489853676e+00
4.397598631167410344e-01,1.092480656445449672e+00
4.392529014633267948e-01,1.091063844537222272e+00
4.398848839008511202e-01,1.092596982939593397e+00
4.401607322795141886e-01,1.093529637768708263e+00
4.398242650522409258e-01,1.092556397236716936e+00
4.400734271901685091e-01,1.093102580993146500e+00
4.392037431603232345e-01,1.090858380033546959e+00
4.393759285007136084e-01,1.091402585166003858e+00
4.385249473006390120e-01,1.089119923314604499e+00
4.387952886429596910e-01,1.089885154235485709e+00
4.389173752704684239e-01,1.090428948447113910e+00
4.390857670196820495e-01,1.090959480431799911e+00
4.389694940312138249e-01,1.090641276054210351e+00
4.389755953140076494e-01,1.090575584477562643e+00
4.387851045976878805e-01,1.090282810272072522e+00
4.391414742913975489e-01,1.091122285035470485e+00
4.394111615130366633e-01,1.091897395370628132e+00
4.393739298560098150e-01,1.091782711486030788e+00
4.392369749939554757e-01,1.091519261422805753e+00
4.390851256012850423e-01,1.091157541711117895e+00
