4.641690459124216961e-01,1.871340950833410677e+00
3.999235324311748996e-01,1.738703209458281274e+00
4.157801682161174073e-01,1.788289426920032010e+00
4.228283906961430305e-01,1.816585443068774230e+00
4.464379250956496126e-01,1.918041848652707548e+00
4.065352926170323067e-01,1.740590038251533578e+00
3.734846569966641661e-01,1.616437841345413684e+00
3.650594532548772086e-01,1.565421793026012143e+00
3.469357057552913126e-01,1.496942067731857451e+00
3.253959066662641120e-01,1.418656189528646916e+00
3.649247471319402858e-01,1.588290384424427604e+00
3.909911148006948167e-01,1.719178253507944953e+00
4.062476517997891112e-01,1.795950569219465942e+00
4.123071838985563065e-01,1.819154033545681282e+00
4.176424504034644269e-01,1.849227649911195259e+00
4.220637080610559755e-01,1.866201145234447800e+00
4.185172538045877633e-01,1.850690314289060057e+00
4.073182661290941087e-01,1.792540749525745047e+00
4.041736094223652986e-01,1.779809120823567570e+00
4.026655684046430705e-01,1.771111634297551696e+00
3.957206129210944501e-01,1.736727781245564595e+00
3.891400282474135608e-01,1.706232268854735112e+00
3.835089025907467697e-01,1.680913666754862756e+00
3.843464195826263308e-01,1.685558488001889010e+00
3.831762951888114666e-01,1.681211847481766108e+00
3.810882645694162463e-01,1.672930870588418273e+00
3.762753239256071969e-01,1.649215369679227772e+00
3.746506701582160148e-01,1.642174888259192445e+00
3.735772497911054590e-01,1.636109221756423038e+00
3.742797771862605982e-01,1.639380242446397240e+00
3.732084004398733557e-01,1.634536162872685106e+00
3.693108304483234683e-01,1.614678129700979126e+00
3.664327674897477349e-01,1.600070355258706112e+00
3.645671948437968490e-01,1.591648328250881761e+00
3.644003581986602347e-01,1.591035243895358109e+00
3.623270134966323774e-01,1.581595095929575256e+00
3.603024082825145302e-01,1.573061784135433294e+00
3.583673753298900477e-01,1.563181461636124370e+00
3.560035500265049113e-01,1.551309725852212829e+00
3.521861492680613548e-01,1.534333787404843941e+00
3.507415176292574821e-01,1.527737436188092213e+00
3.495572181423639568e-01,1.522538427939740258e+00
3.480328835396275799e-01,1.515629157128953963e+00
3.472347103607871244e-01,1.511971427634285270e+00
3.448573352501236311e-01,1.500442216214673330e+00
3.450811299083269001e-01,1.501418290820742962e+00
3.446077651106473350e-01,1.499096423232505026e+00
3.436847437824517293e-01,1.494732596872912378e+00
3.444284734330934072e-01,1.498428616894683874e+00
3.440875124064547430e-01,1.496660549308393096e+00
3.430866422031163543e-01,1.491734452593878935e+00
3.408326388204632740e-01,1.481641928864509961e+00
3.378834248920284389e-01,1.468099757022197416e+00
3.362749407902993481e-01,1.460833168633713042e+00
3.359541971040256869e-01,1.459669325940657902e+00
3.346770691450404733e-01,1.454197126968157505e+00
3.341679259637158061e-01,1.451652416029217685e+00
3.348429153460599772e-01,1.454256711959295068e+00
3.344495292309450085e-01,1.452368058737617984e+00
3.354639032785320940e-01,1.456931689194079116e+00
3.352348026726560404e-01,1.455988056874947256e+00
3.341877627262070938e-01,1.451333677958729584e+00
3.335879191905748997e-01,1.448576611815020287e+00
3.332036360290081545e-01,1.446892372211076250e+00
3.321846393310421974e-01,1.442523928278997225e+00
3.312884156945364866e-01,1.438501135543689413e+00
3.305676846894358145e-01,1.435517376850194982e+00
3.295785405714380389e-01,1.431369013873657670e+00
3.284750652755583089e-01,1.426580869358808235e+00
3.270058926773393160e-01,1.420168517482977233e+00
3.266570978922628821e-01,1.418695346649355482e+00
3.259159699559820433e-01,1.415546854561113177e+00
3.254785454690805602e-01,1.413560773209431298e+00
3.255630143523324249e-01,1.413825909710233919e+00
3.256593255287131838e-01,1.413976270939010682e+00
3.247700625381771955e-01,1.410318418639648019e+00
3.246362815620761899e-01,1.409748339930269045e+00
3.242817176006226876e-01,1.408415834291550039e+00
3.237705837643501394e-01,1.406436870815996221e+00
3.230543129451472484e-01,1.403659221179361927e+00
3.232119683411647237e-01,1.404265393847121901e+00
3.227185111793008931e-01,1.402226978433040339e+00
3.226023185280117445e-01,1.401705504382592782e+00
3.224233850646675004e-01,1.400983165478345116e+00
3.223169796476041959e-01,1.400522841796193907e+00
3.219535978027785461e-01,1.399103109941120415e+00
3.213725367060744631e-01,1.396815598568130534e+00
3.204407229964716941e-01,1.393398524530413018e+00
3.198637850144651074e-01,1.391218949312716058e+00
3.192872773288280008e-01,1.389172970067722668e+00
3.188580911188638733e-01,1.387687891267004314e+00
3.183743591635886938e-01,1.386013515712199107e+00
3.180850285049606763e-01,1.385000648584357563e+00
3.175928777561206062e-01,1.383362611357943583e+00
3.172620515054692114e-01,1.382263446434946363e+00
3.171114577015765046e-01,1.381754459195443152e+00
3.170563253845013474e-01,1.381533695583169186e+00
3.168112374868426451e-01,1.380699743021928549e+00
3.166667383773286160e-01,1.380239260189349615e+00
3.165769912451886214e-01,1.379986631516607165e+00
3.165049286622569347e-01,1.379751950719741105e+00
3.165425958247279903e-01,1.379878805642838602e+00
3.164881719850543562e-01,1.379709569434143690e+00
3.163821429365133442e-01,1.379348419451391639e+00
3.164253518839836854e-01,1.379538488731457235e+00
3.164090307204078245e-01,1.379523214541138021e+00
3.163666658267831333e-01,1.379430780516810451e+00
3.162417366613281544e-01,1.379007953670192022e+00
3.164009582961360145e-01,1.379566716133633797e+00
3.164501461873067689e-01,1.379801877800356902e+00
3.165648028271340064e-01,1.380202696512381255e+00
3.165179317920505109e-01,1.380034372434292944e+00
3.164971508496425834e-01,1.379978418346025526e+00
3.165005065105789273e-01,1.380027295922310548e+00
3.165597356553164765e-01,1.380303054172314914e+00
3.165975746909834299e-01,1.380434188961769504e+00
3.167756445964018952e-01,1.381047516761168215e+00
3.171364689436357298e-01,1.382268314083634930e+00
3.172707503678273144e-01,1.382715104876220513e+00
3.174877030290966795e-01,1.383430365243910609e+00
3.175358129634620608e-01,1.383597733464367208e+00
3.176192664074126148e-01,1.383912707970282208e+00
3.175749991612882295e-01,1.383761411052818247e+00
3.175872497709845144e-01,1.383806574182500970e+00
3.174245059452357465e-01,1.383232877733525212e+00
3.174593165330604760e-01,1.383326921142065347e+00
3.173371456883860575e-01,1.382912885206388554e+00
3.173750223873739729e-01,1.383072252087725440e+00
3.174554369263867803e-01,1.383342774771925576e+00
3.174453051191438169e-01,1.383328838233584879e+00
3.173751062594932781e-01,1.383119436332296281e+00
3.172969593683570566e-01,1.382861545109346446e+00
3.172591934810881087e-01,1.382739184365685547e+00
3.172978117380055307e-01,1.382874775931615341e+00
3.173205727570607704e-01,1.382949467153274936e+00
3.173518416171267620e-01,1.383051592893161930e+00
3.174330030639818112e-01,1.383308834828943956e+00
3.176303310689049253e-01,1.383992631002581852e+00
3.177267232495072924e-01,1.384334655803262981e+00
3.178318906364082097e-01,1.384706595170892562e+00
3.178974598878562818e-01,1.384943444089690390e+00
3.179228610246955244e-01,1.385042333249234092e+00
3.179753528989056610e-01,1.385234471878238560e+00
3.178794613521484513e-01,1.384903816040767177e+00
3.179393546729772924e-01,1.385146453337500638e+00
3.179522480042265564e-01,1.385185163448804380e+00
3.179592244275065704e-01,1.385241326367149028e+00
3.178478128356772570e-01,1.384875397179252898e+00
3.177867545112963987e-01,1.384692251622578585e+00
3.177817684735328441e-01,1.384696897077032807e+00
3.177392232370300218e-01,1.384555586271523531e+00
3.177337251249556238e-01,1.384561803222674969e+00
3.178035321945130165e-01,1.384806258752262709e+00
3.178406558583395936e-01,1.384944484474884163e+00
3.179409146766753458e-01,1.385307754905570121e+00
3.180472580963977225e-01,1.385693475891181414e+00
3.180746843277805769e-01,1.385809448358932272e+00
3.181647390483162141e-01,1.386124664052902578e+00
3.181846017529627590e-01,1.386204286614756587e+00
