4.227764359723983900e-01,1.770634188757494121e+00
4.035971705801901233e-01,1.748829857138812338e+00
4.141699285721203716e-01,1.782632189775192666e+00
4.153243597874841098e-01,1.785871026275777318e+00
4.152599595622820661e-01,1.785524581114417586e+00
4.141169887319117726e-01,1.781184962322779786e+00
4.062902531712336840e-01,1.752088001056730127e+00
4.140746944423132070e-01,1.768576012760685767e+00
5.063078555014847160e-01,2.160761249261915928e+00
4.470544727118551664e-01,1.914020892618718106e+00
4.773834101190561618e-01,2.063970460858992606e+00
6.518465022058776981e-01,2.874875889433155418e+00
6.110985105575020837e-01,2.674321556259137811e+00
6.158436920519101410e-01,2.681439616937806303e+00
5.914971929055501398e-01,2.573543049023468754e+00
5.381413381269487539e-01,2.378204607214051691e+00
5.097153843722717070e-01,2.261050075020177186e+00
5.224900635080126365e-01,2.324420987005029637e+00
5.161614872589757042e-01,2.295642935956041075e+00
5.300556898779559267e-01,2.305904563726556056e+00
5.270220868139021686e-01,2.312524419551917898e+00
5.543778991109042931e-01,2.450672714485770953e+00
5.797174850058033346e-01,2.570700445846199056e+00
5.620387491079544828e-01,2.500837016412494673e+00
5.618338626534742364e-01,2.492171646401672103e+00
5.514174594672326402e-01,2.443157559000774803e+00
5.262519362605043716e-01,2.338545150525145111e+00
4.956888610825203045e-01,2.204058467344713890e+00
4.730885298581374299e-01,2.086489934406356994e+00
4.789224009879102240e-01,2.111705620121224758e+00
4.833486344399895995e-01,2.139143783242302366e+00
4.869784916140031394e-01,2.172043945167631218e+00
4.767310289377506560e-01,2.124128019122974997e+00
4.831339201222213942e-01,2.145216659108303947e+00
4.889760154921652391e-01,2.168771480662873952e+00
5.126756533274877681e-01,2.274287925714867153e+00
5.006945558443479660e-01,2.215565925642970946e+00
5.028106983651474682e-01,2.227989567498153356e+00
5.086134727936271194e-01,2.264608931181831153e+00
5.137111132195920637e-01,2.291360328864918028e+00
5.134465149524665151e-01,2.287902958185340285e+00
5.152868946985702525e-01,2.296115160776171837e+00
5.177427594410630718e-01,2.305892700175368404e+00
5.110799802571680539e-01,2.267914744547843142e+00
5.071166502572922452e-01,2.249085055914841202e+00
5.026854718784738996e-01,2.224635959291577425e+00
4.994423029999774943e-01,2.199661177764141051e+00
4.885736206181765517e-01,2.149947238377256209e+00
4.787520303425386037e-01,2.098905639977973525e+00
4.742525920489604196e-01,2.075996238246252457e+00
4.639728898328173701e-01,2.029003241686077708e+00
4.374965743761508596e-01,1.905831335689659012e+00
4.254953324335157827e-01,1.853278370004008080e+00
4.151182486558045448e-01,1.804153607093082146e+00
3.985212916649223391e-01,1.728505408912179409e+00
3.796853613721029586e-01,1.641475233660482980e+00
3.719271899402060710e-01,1.606996784269498324e+00
3.680748160923226764e-01,1.589529152905813092e+00
3.671906971138558795e-01,1.583172234201410511e+00
3.682526978037660159e-01,1.587856389760398557e+00
3.655591969917483253e-01,1.576815509331170873e+00
3.591174632168833702e-01,1.548638876149176502e+00
3.543052796095914059e-01,1.528073558943858323e+00
3.556326760107284546e-01,1.533690951550335413e+00
3.545813287166131311e-01,1.529061689385255995e+00
3.528104280412019955e-01,1.521666382284690533e+00
3.536815747988801273e-01,1.525944852009335051e+00
3.531963289112165505e-01,1.524358101591682724e+00
3.540216130497871871e-01,1.528174739246956682e+00
3.548436766988788404e-01,1.532496127132517039e+00
3.532502195006703150e-01,1.524071527346658295e+00
3.494446763405918421e-01,1.506560057217944726e+00
3.499981761588882856e-01,1.508555502794932224e+00
3.495779491205935341e-01,1.506854951104192208e+00
3.453437369305801807e-01,1.488397228969250863e+00
3.426566959400766388e-01,1.477212806124607480e+00
3.426696019224627077e-01,1.476968235002961150e+00
3.412094878171991752e-01,1.470777507699738695e+00
3.416282306785125567e-01,1.472605739323334495e+00
3.405475402126781348e-01,1.468300825535409082e+00
3.407651465406361657e-01,1.468649839538136437e+00
3.411118730888906825e-01,1.470808674286375961e+00
3.402988685012796055e-01,1.466311592418270360e+00
3.397953444480847907e-01,1.464438309534886740e+00
3.404664120762372348e-01,1.467765144535656763e+00
3.386158673828192911e-01,1.459620832139884694e+00
3.387124482335817088e-01,1.459981955260073239e+00
3.383892873695314996e-01,1.458800571440414640e+00
3.359311565072868877e-01,1.448661913704785809e+00
3.352478270755461787e-01,1.445539291672164106e+00
3.337752148916790507e-01,1.439664068245477768e+00
3.318326612890419303e-01,1.431404852584493126e+00
3.317793048041742798e-01,1.431266077359690803e+00
3.309012125973974094e-01,1.428190001126746767e+00
3.313420304914641012e-01,1.430086179045520378e+00
3.306497962078416841e-01,1.427730122682293823e+00
3.295112288524971733e-01,1.423289298094194022e+00
3.303045408614257994e-01,1.426309146481175683e+00
3.296077790652032213e-01,1.423507384576519375e+00
3.297307718260167886e-01,1.424097885918295336e+00
3.292851192380092940e-01,1.422545209103298625e+00
3.293893576887202967e-01,1.423046678988726610e+00
3.298627478650892342e-01,1.424652753468688138e+00
3.298539173576960915e-01,1.424657441934954027e+00
3.297207817426344167e-01,1.423909397923612596e+00
3.301044081851969847e-01,1.425345615580406733e+00
3.300916476339071370e-01,1.425363072962567923e+00
3.307044157943465068e-01,1.427925575288086391e+00
3.305079903630500637e-01,1.427033669970698027e+00
3.308063242563912265e-01,1.428180811420087126e+00
3.316038087054988259e-01,1.431268182416240542e+00
3.317886603390532985e-01,1.431802404386966598e+00
3.318054564363918102e-01,1.431927620722514671e+00
3.314891869137964742e-01,1.430821069426336356e+00
3.313907258286505342e-01,1.430516260989999955e+00
3.314140016865043670e-01,1.430648087055036877e+00
3.309461079654318905e-01,1.428647503899557414e+00
3.313524004965787140e-01,1.430310767630042834e+00
3.319183388294681403e-01,1.432739983715895393e+00
3.312241443918103601e-01,1.430000533960781750e+00
3.311955358442129072e-01,1.429796699039387331e+00
3.309424886902691543e-01,1.428689525831176255e+00
3.312962705605840830e-01,1.429981008391330466e+00
3.304798727006325598e-01,1.426564827413652425e+00
3.305895897733543420e-01,1.427195902613996203e+00
3.311652362600807642e-01,1.429577200678691318e+00
3.317409438598968863e-01,1.431866208644793748e+00
3.315008311499222926e-01,1.431054060517945370e+00
3.314414166043334609e-01,1.430833346320374622e+00
3.317954229866545979e-01,1.432107948450149104e+00
3.317839203431308670e-01,1.431977846221484496e+00
3.322994612256333080e-01,1.434269180960130230e+00
3.319439148989619670e-01,1.432877864020142056e+00
3.318956463510157051e-01,1.432639655588248573e+00
3.312442352154998382e-01,1.430157740493083418e+00
3.305311291586860434e-01,1.427512140208019975e+00
3.303720702157107447e-01,1.426840089320791316e+00
3.310043497154980252e-01,1.429431644575736904e+00
3.310495662916603243e-01,1.429909909402223622e+00
3.314960310251630071e-01,1.431636750932684166e+00
3.312389738448324183e-01,1.430664559995965979e+00
3.309904876494922932e-01,1.429789274310235392e+00
3.309736579952736735e-01,1.429799102223548335e+00
3.310206037600409434e-01,1.429999278721784783e+00
3.308156056493158359e-01,1.429143917096998617e+00
