3.978986324910974703e-01,1.000644161580206637e+00
5.176860421157621905e-01,1.263816540565868785e+00
6.375711857353906220e-01,1.562596435039802500e+00
7.628438530211074653e-01,1.845923754543567608e+00
8.159570362512315045e-01,1.968067451753461761e+00
9.536417778085293229e-01,2.321990297175697382e+00
9.985054368245217526e-01,2.423356376545403812e+00
9.521759261628806037e-01,2.296074556681564349e+00
9.699562145819176084e-01,2.328695674137725824e+00
9.916402868753153577e-01,2.384194569700391675e+00
9.997273465180023244e-01,2.404681510169623948e+00
9.478120517149433155e-01,2.279024802140128259e+00
9.536541164995171460e-01,2.293926606194396367e+00
9.252626162813819555e-01,2.222533550222983934e+00
8.663737784230708394e-01,2.077611886180551259e+00
8.516351976098062160e-01,2.040064427865734942e+00
8.950182609260116662e-01,2.146634438933277433e+00
8.972651828135520535e-01,2.155086354600530107e+00
8.857876140545997146e-01,2.124870157160134276e+00
8.976013151763627684e-01,2.154642166481095078e+00
8.933924876828744921e-01,2.147834298092369476e+00
8.855193429335311839e-01,2.129226911304905823e+00
8.607977895626074405e-01,2.067644112657038846e+00
8.594552809034033958e-01,2.064903771955558742e+00
8.493532049429887154e-01,2.038569654428040501e+00
8.471662667628443444e-01,2.034397032718044951e+00
8.287237207043215426e-01,1.987666451396260969e+00
8.008784431710918028e-01,1.919743226143867831e+00
7.909952616761721789e-01,1.893408107034353360e+00
7.955447610353371113e-01,1.905605501300053684e+00
7.721468956976620390e-01,1.851435925500061197e+00
6.992470600543154724e-01,1.676690755945204669e+00
6.843815948681126748e-01,1.640901673716039788e+00
6.242607128878530087e-01,1.502109719586937953e+00
5.324906604551833400e-01,1.281025619693554995e+00
4.566811513995074900e-01,1.099042896372583122e+00
4.405741009941331887e-01,1.055745885078242408e+00
4.481744546198382362e-01,1.074885967799202868e+00
4.028494407395639687e-01,9.710639785351969921e-01
3.510156091541134504e-01,8.415813815703037104e-01
2.684641297490940604e-01,6.454587851353337236e-01
2.483938805510705616e-01,5.970101305403674452e-01
2.471894693452658387e-01,5.935041247930918917e-01
2.477179210555065236e-01,5.961504651981373026e-01
2.135077260112176190e-01,5.133363581609756698e-01
2.017926439733353783e-01,4.864071607678631115e-01
1.823806337107630182e-01,4.401641335130345167e-01
1.627009316665489203e-01,3.927300068283426926e-01
1.460416038425438323e-01,3.536990758248066968e-01
1.331072404502814388e-01,3.216219958492116393e-01
1.168604319517353579e-01,2.836614257066591982e-01
9.713152418208785555e-02,2.352707189023470757e-01
9.484010116589891570e-02,2.306613331307519887e-01
9.678180531631908057e-02,2.344487201089349160e-01
8.832341911151619929e-02,2.122114831564357873e-01
8.240786298604241278e-02,1.988108931240328836e-01
8.092866746325559635e-02,1.956805855947070516e-01
8.487394013762551703e-02,2.055661901553777204e-01
8.365102054386990005e-02,2.021722949555751769e-01
8.196116966821186123e-02,1.975503013764097204e-01
8.058289826965271685e-02,1.939640503752578793e-01
7.979949622785877106e-02,1.919118666578290278e-01
7.595608726856473147e-02,1.832097655876447906e-01
7.307670247945359521e-02,1.768311837658259611e-01
6.814695518492903947e-02,1.655026341851020266e-01
6.101233820389349860e-02,1.486352494932595136e-01
5.527514218124526812e-02,1.353592425499761664e-01
5.117746862637570504e-02,1.259912303620129292e-01
4.391191379538341572e-02,1.075856606435205004e-01
4.074344686539884547e-02,1.009396821284145873e-01
4.052614823557805501e-02,9.992288145241925990e-02
4.055040445194738746e-02,9.977868186179575383e-02
4.111007224997594023e-02,1.018738524049389443e-01
4.110665480029077751e-02,1.010042604697739960e-01
4.181781808539067335e-02,1.028315534235390155e-01
4.572841949053727678e-02,1.118169773376975762e-01
4.653589142608199891e-02,1.139383759389793332e-01
4.696297563395512853e-02,1.143750733943064424e-01
4.525214006510645121e-02,1.107385497488300591e-01
4.191792822408602071e-02,1.027000959172249123e-01
3.826128005553098427e-02,9.379470999171812817e-02
3.399211472928344996e-02,8.410944512382924343e-02
3.346797503966644077e-02,8.303804511309292868e-02
3.016324891117818513e-02,7.517297289830023044e-02
2.679222550130604119e-02,6.617680393998817689e-02
2.487361964733624670e-02,6.176966784102087826e-02
2.302947600730723132e-02,5.723910013638758287e-02
2.227881984107483657e-02,5.540607298970922495e-02
2.177577536977481562e-02,5.434527286964473125e-02
2.090226277388265025e-02,5.242437723869801391e-02
1.892565960955808896e-02,4.780609363891135527e-02
2.032988715758783649e-02,5.167202263695942072e-02
2.044098103674303266e-02,5.183997689357091460e-02
2.020599948905142315e-02,5.120744453852241890e-02
2.084485039715937293e-02,5.303297684294009523e-02
2.096880664779357181e-02,5.354838367585774972e-02
2.108909654496861699e-02,5.386038290544743756e-02
2.045449504791632331e-02,5.173136653949996638e-02
2.161384418181275593e-02,5.440339107693176884e-02
2.191907338818819065e-02,5.509220371803770500e-02
2.173211565892009881e-02,5.434379478303283384e-02
2.072685529164871795e-02,5.183370901112020757e-02
2.130527718079211139e-02,5.296707993774178724e-02
2.126314723575969609e-02,5.280963362225149504e-02
1.919502915888998337e-02,4.802065580791538280e-02
1.809200340732982845e-02,4.545730466180478158e-02
1.743049488931022739e-02,4.378241135315453364e-02
1.787816906865121944e-02,4.462159622961543032e-02
1.835769324932959301e-02,4.560467169918812347e-02
1.753131167638978527e-02,4.367184971786695902e-02
1.578367669611036375e-02,3.955704455446751311e-02
1.476497566077481470e-02,3.697522045086919229e-02
1.468133744901777178e-02,3.650009809944084610e-02
1.433864013481505120e-02,3.553340925497730507e-02
1.426414518792878082e-02,3.533687444005129824e-02
1.229448971190909463e-02,3.030944649050651071e-02
1.219637905598895851e-02,2.985359471297322972e-02
1.199925558131392268e-02,2.954352337987714572e-02
1.172756809247962016e-02,2.905493441514991546e-02
1.130828366223377533e-02,2.792966471092900305e-02
