1.144246807752737904e+00,1.592878366279855962e-01,3.320560565281551191e-01,1.100403549039687512e+00,1.974712205630515971e+00,1.098520520132381773e+00
6.096129531453635675e-01,1.016114605224830575e-01,1.779996002841340297e-01,6.480460524209887829e-01,1.191264841979585265e+00,5.625815455469845849e-01
6.264219926796664728e-01,9.925082846641405943e-02,1.658691888412305027e-01,6.688624828220902652e-01,1.158091725059402277e+00,5.257979801036900547e-01
6.230099876443356832e-01,9.971507317006196580e-02,1.627555703934455145e-01,6.650948824166477147e-01,1.166354730328806655e+00,5.164527144505379752e-01
6.404759171021864317e-01,1.027631792351924589e-01,1.534350419559153411e-01,6.860869323763261196e-01,1.207963113560721391e+00,4.874480271046011670e-01
4.673175037564216705e-01,9.919253541682494790e-02,1.554395661097515702e-01,5.126314129836428979e-01,1.231583957076447078e+00,4.845178542776029107e-01
3.465198734434258854e-01,8.415740545473557321e-02,9.856679963693516788e-02,4.136465535738768073e-01,1.078357886177923053e+00,3.097940025136635689e-01
1.189919065272638798e-01,5.617114618591483727e-02,8.477258396122404338e-02,1.226472578490449550e-01,7.219382479237936856e-01,2.839324382226776633e-01
1.012509703676569284e-01,3.483747833117300380e-02,5.870916473779193290e-02,1.088779195953240853e-01,4.488991776251518573e-01,2.044238314486502561e-01
8.844075621945961252e-02,2.926967899227803441e-02,4.737515544396195960e-02,9.266542303644129119e-02,3.713188198854207034e-01,1.634399405028125474e-01
4.600237138837665052e-02,1.705549056433946706e-02,2.337431592326469007e-02,4.920055601326396577e-02,2.210200529084945242e-01,7.856887537722360981e-02
4.237851568697731386e-02,9.254228978251319987e-03,1.515943567142551476e-02,4.878060466607850310e-02,1.249120632554457516e-01,5.262119347626995763e-02
3.485184228295919867e-02,9.125124845770424264e-03,1.240042235553034597e-02,3.799405058076829600e-02,1.147166248751278900e-01,4.424632504844495245e-02
2.793533486610132177e-02,6.462654236047212994e-03,1.028233811736582216e-02,3.105244830140592785e-02,8.532123111362102663e-02,3.254485355894453508e-02
2.298639906727684146e-02,6.330172058211635394e-03,9.323041501322577862e-03,2.570837777038178368e-02,7.534439142811344414e-02,3.311202871510560836e-02
2.098763894055288848e-02,5.159990997370994537e-03,1.042229324978075425e-02,2.302099643295447279e-02,6.518839789110528193e-02,3.652833527226389404e-02
1.605718114497394280e-02,6.571998331583737800e-03,8.202507980189215758e-03,1.803985285201026995e-02,7.940018738670452658e-02,2.833312790110130083e-02
1.558350125094600837e-02,6.650283294179547798e-03,1.074756070739253840e-02,1.728681060378372755e-02,7.944471359977374469e-02,3.490616258490163853e-02
1.455271526007820976e-02,7.184273204691531654e-03,1.141532436783397955e-02,1.636829128931274399e-02,8.670168988605889138e-02,3.736514206518421616e-02
1.215849933770360436e-02,6.474481607559257057e-03,1.032538669089467023e-02,1.330761819309901096e-02,7.942062083474728251e-02,3.586694998057802369e-02
1.255686922859510640e-02,6.032631968138105379e-03,8.354655111896888350e-03,1.293573191028655513e-02,7.313251925860175806e-02,2.735071341531134306e-02
1.214231802642079874e-02,5.575760859455081674e-03,6.406888422783198547e-03,1.304589036879047655e-02,6.689366724606073122e-02,2.125177748022704857e-02
1.226160242600375996e-02,4.794438042905246888e-03,6.705378411147066599e-03,1.326840543891135912e-02,6.301689365746969418e-02,2.162340030510680883e-02
1.175369435400521086e-02,4.789257353948374839e-03,5.643976445037258115e-03,1.286323337784633231e-02,6.105313335455109236e-02,1.805581476405119026e-02
1.152746672069871955e-02,5.405234774783113615e-03,5.181196375378304721e-03,1.278355393864112101e-02,6.653240601314142078e-02,1.726902558238400595e-02
1.223166292654196546e-02,5.044053319584742082e-03,6.137041703159692996e-03,1.376732495036833530e-02,6.545416190913250221e-02,2.104712730223750120e-02
1.096780426109343620e-02,4.474175486254402569e-03,4.623344906765149663e-03,1.225008366490285688e-02,5.669927523322455115e-02,1.538476054548275178e-02
9.206870478605336597e-03,4.751640163858933917e-03,5.099922245078335019e-03,1.029156357730179848e-02,5.718010780395664516e-02,1.715376555337400771e-02
9.295911696529973040e-03,4.014206862985519181e-03,2.834154095676829493e-03,1.033829594849716357e-02,4.969131486661055447e-02,1.022656333309536134e-02
8.286153902734438512e-03,3.910725287759081632e-03,2.976148125180782048e-03,9.577255510085857029e-03,4.790028798549005734e-02,1.088673810983055781e-02
9.291498518369321891e-03,3.836440468235630379e-03,3.378771388128467331e-03,9.999643313216843854e-03,4.731589263622860975e-02,1.221912309364850575e-02
7.722909926314417556e-03,3.691097629710222289e-03,3.127353218052272236e-03,8.579177528740492692e-03,4.601356015924905341e-02,1.123199156253083461e-02
7.878111980504899636e-03,3.732130990635476164e-03,3.275644470494026416e-03,8.237339533430027352e-03,4.538430557557704415e-02,1.161669714187501916e-02
6.819951836164418399e-03,3.663752377421282316e-03,3.045773285335970880e-03,7.377873520354678687e-03,4.449943514266611194e-02,1.096885870088229291e-02
5.672050909037546287e-03,3.550577220358071707e-03,3.247985965193963924e-03,6.570025435483248591e-03,4.307718631118410274e-02,1.192868458335648134e-02
5.597778643325911942e-03,3.347435202069320211e-03,3.385526691787863786e-03,6.441031705003837267e-03,4.072852149256354221e-02,1.194696727751629224e-02
5.824459163692078702e-03,3.366857342640823710e-03,3.333042629108772057e-03,6.491648592519100661e-03,4.162409627197328349e-02,1.268593250465763038e-02
6.212025269982270406e-03,3.162919161638807521e-03,3.170455253532495320e-03,6.721496401568536651e-03,3.963415563994928531e-02,1.212868203910376190e-02
5.926812444889606110e-03,3.137789863504390157e-03,3.624723676364786061e-03,6.822082857583857372e-03,3.907862495244163181e-02,1.349848219901376989e-02
5.785853109875898834e-03,2.996261075023518711e-03,3.439407065816205578e-03,6.928926564877037689e-03,3.715502682904428533e-02,1.282695214849165731e-02
6.183241532754540047e-03,2.723480918548967268e-03,3.246890995566917640e-03,6.969518685601349198e-03,3.428477542534182770e-02,1.178168496068133023e-02
5.753142194956551055e-03,2.697395784985229597e-03,3.400185109962608043e-03,6.850866863346123485e-03,3.433449107816755747e-02,1.230371032942169547e-02
5.790276815757683208e-03,2.675571280596506819e-03,3.409244323273856545e-03,6.793361918275782167e-03,3.467878477189181158e-02,1.206768363069697127e-02
5.659107043803368077e-03,2.585133603199356658e-03,3.748285356319540351e-03,6.562760880562738992e-03,3.373745033299241358e-02,1.289782456669236015e-02
5.738226782494424208e-03,2.539057319073859727e-03,3.631975475744377447e-03,6.750940217444570575e-03,3.348292766695715877e-02,1.226253372413764475e-02
5.483763276196482357e-03,2.473342794218587933e-03,3.740361802648922793e-03,6.380573509308223694e-03,3.255942334401938643e-02,1.253116055166524946e-02
5.102252601641618299e-03,2.443524464807968026e-03,3.641652745212534473e-03,5.928561354237985893e-03,3.197125123470850871e-02,1.216548300228124761e-02
5.229810035082020289e-03,2.330090497279594178e-03,3.671226535509066434e-03,6.156433703748788629e-03,3.100925321925415701e-02,1.233082612666417006e-02
5.556390044245801928e-03,2.201563447031153545e-03,3.903669942542172151e-03,6.329368770775562446e-03,2.996027729043387183e-02,1.275951919354734176e-02
5.447355496719917013e-03,2.290423332562744902e-03,3.457882887067082779e-03,6.282155285735473681e-03,2.916793159896677659e-02,1.166387929693156293e-02
5.191150323502281665e-03,2.128082801856502528e-03,3.326636923682407473e-03,6.034601936033890703e-03,2.709764476871109884e-02,1.123045079850850878e-02
5.538869500948092987e-03,2.109953931348378543e-03,2.987702521603039472e-03,6.223467149786731517e-03,2.720873568151366273e-02,1.013215660795627540e-02
5.278073807988549644e-03,2.111467696441904265e-03,2.973978644600230783e-03,6.026330601581750442e-03,2.744340565042512059e-02,1.015189425295924715e-02
5.544119724047799277e-03,2.089334574549388517e-03,3.063657328530455023e-03,6.174350946286825265e-03,2.728122979536935083e-02,1.046587012701346089e-02
5.333280876557336403e-03,2.037132401651985201e-03,2.797002493981262401e-03,5.987577511791959510e-03,2.668696440328027428e-02,9.714231992418911193e-03
5.088413456065935848e-03,1.890474595202640924e-03,2.713176769719407872e-03,5.658416353867417453e-03,2.490514266667917878e-02,9.501100428735380701e-03
4.703550778810627019e-03,1.875319895336824069e-03,2.813915490056219729e-03,5.247292182557301496e-03,2.460579517218556764e-02,9.698222219489283785e-03
4.781607213663980824e-03,1.844043842516612536e-03,2.753409712825392094e-03,5.452778984247424153e-03,2.459770950421468622e-02,9.570705304392872551e-03
4.855071709441548776e-03,1.862127236680386540e-03,2.693414169111802998e-03,5.462468314679386552e-03,2.461405242567019785e-02,9.303611398579967467e-03
4.915728740882859688e-03,1.877669339315210474e-03,2.686808771623409864e-03,5.649716147922460678e-03,2.474697652176903809e-02,9.343323826541181584e-03
4.711843376720659289e-03,1.756613286738475813e-03,2.606347880373370302e-03,5.465304904217535738e-03,2.307963833029935338e-02,9.056856477154510629e-03
4.638277197822316365e-03,1.807998026160874579e-03,2.651216455376220315e-03,5.344507590930214561e-03,2.340361763583928556e-02,8.993068254544746287e-03
4.947740923155259651e-03,1.978050204200293254e-03,2.857834958874440855e-03,5.612405798804377677e-03,2.528455043149291717e-02,9.842173190987771672e-03
4.788359960224279274e-03,1.932787845584780628e-03,2.740876616355266467e-03,5.518532168080921181e-03,2.451265868266489650e-02,9.443569377062066214e-03
4.490574334855926622e-03,1.936109006616742404e-03,2.743987466639055770e-03,5.196853402445622376e-03,2.463474561647698707e-02,9.412430025394628516e-03
4.456695834219132242e-03,1.858220959645639049e-03,2.731643837177577441e-03,5.118848842515826697e-03,2.363860142760799629e-02,9.316116108064310258e-03
4.396685140908971126e-03,1.807058234375875537e-03,2.657902762719119814e-03,5.081987204754549736e-03,2.304366282826817922e-02,8.989218655715679879e-03
4.478655304682924512e-03,1.842522331994075543e-03,2.701898313412550139e-03,5.130274237560348768e-03,2.342473186365148091e-02,9.198936063201320484e-03
4.414341640241637062e-03,1.902577685719498458e-03,2.867932656123138146e-03,4.994993880697301200e-03,2.412244300470302305e-02,9.829470348276893310e-03
4.677112855226522176e-03,1.902488999354097010e-03,2.800373129125875889e-03,5.369535984633895184e-03,2.405066122430758735e-02,9.600591081906403867e-03
4.406368999232780637e-03,1.919872633362121198e-03,2.879485771454358932e-03,5.124200518083951369e-03,2.459368304671844321e-02,9.840556541849881239e-03
4.417699406733326464e-03,1.918490422409837486e-03,2.828190807666342618e-03,5.142003098139519973e-03,2.452515519839942523e-02,9.643528482412483394e-03
4.407510186163899300e-03,1.923935590689194487e-03,2.881704406497143361e-03,5.147130562988533158e-03,2.449140222193398053e-02,9.780232343213093177e-03
4.295663982612522511e-03,1.962009578408765997e-03,2.801559189820056715e-03,5.036852316075681769e-03,2.500127231557664961e-02,9.386856145794235037e-03
4.294828816660661505e-03,1.920992514182249568e-03,2.869756627325222367e-03,4.932483373426639096e-03,2.458683429398083459e-02,9.503628091939114383e-03
4.267493119336357443e-03,1.844033621601417388e-03,2.730453431737391370e-03,4.895373895787816058e-03,2.413760721406152041e-02,9.083526107585733478e-03
4.199228231365300344e-03,1.801454149175188120e-03,2.715872227021803517e-03,4.739943739475055776e-03,2.339233603908479758e-02,8.956388783027294936e-03
3.969250792509905479e-03,1.782325769405064585e-03,2.566523801783233798e-03,4.506150508841099030e-03,2.307171116726593890e-02,8.641755981954954077e-03
4.042064712448069884e-03,1.797492876155769607e-03,2.582898315280868825e-03,4.581877291094174631e-03,2.313132572505624540e-02,8.761416662811865458e-03
4.133670848697326705e-03,1.855966983743779488e-03,2.662539782476636228e-03,4.565908564844172769e-03,2.346444500905964584e-02,9.013554357590786853e-03
3.759649141044744351e-03,1.810984382063760044e-03,2.734501905299962891e-03,4.312919746873130310e-03,2.321258226592729651e-02,9.290883726029272940e-03
3.601415353870705480e-03,1.863807456222095135e-03,2.734590715429845859e-03,4.204751887720393350e-03,2.391282915309809673e-02,9.194967906507648531e-03
3.420712821213807257e-03,1.945432366120412176e-03,2.904649213936779783e-03,4.178315863274041815e-03,2.482038377059010703e-02,9.982530343220488364e-03
3.336379629960977474e-03,1.993074853270445247e-03,2.870917933184274819e-03,4.183624517588684089e-03,2.565238511751378667e-02,9.895445657529301081e-03
3.256454458493431795e-03,1.981572941152982825e-03,2.834260840357961508e-03,4.047812686901180491e-03,2.547677790168697762e-02,9.860528273547868733e-03
3.391022560822321355e-03,2.046042143845335903e-03,2.940933988785302943e-03,4.131215914934801246e-03,2.595458677201488429e-02,1.024911997355152510e-02
3.078318133882936448e-03,1.998585828052279727e-03,2.782138019211851266e-03,3.836733005286847940e-03,2.465464754464145522e-02,9.436994061948407106e-03
3.123942449109160229e-03,1.927567568603730762e-03,2.687756132962338101e-03,3.979093523954302207e-03,2.387784097389586760e-02,9.086303470510287417e-03
3.178802178131742966e-03,1.910497141056446621e-03,2.665946274338867796e-03,3.979104203792859125e-03,2.352222795265185296e-02,9.169718485821074655e-03
3.114767192989113028e-03,1.956708764666815255e-03,2.576999554378809742e-03,3.874181744148119839e-03,2.428948279721274139e-02,8.791594668077004973e-03
3.332907719050323594e-03,1.979192704612838839e-03,2.624620571900300372e-03,3.934227443667942005e-03,2.455870302379576861e-02,9.015916458891956239e-03
3.167014942027816977e-03,2.003820030437671387e-03,2.586441386218560692e-03,3.844413095118394148e-03,2.451919172190324125e-02,8.664489953880543174e-03
3.179883885683913464e-03,1.998882813455061559e-03,2.665876919840169494e-03,3.883163368886034805e-03,2.443495549561455413e-02,8.903624066289817993e-03
3.068402503660242007e-03,1.942784925815528325e-03,2.624327688574265832e-03,3.749663403320699622e-03,2.379070043939130602e-02,8.812852894261534106e-03
2.999164858431630377e-03,1.911839036127661005e-03,2.510053893395861133e-03,3.665038056155291157e-03,2.335087615134780192e-02,8.540815235754322526e-03
3.102648479057465089e-03,1.862130047826088828e-03,2.615869029408588679e-03,3.766967263911504167e-03,2.282651033673105748e-02,8.985644628201668732e-03
3.098407530010252771e-03,1.811625770770171296e-03,2.667273686336971584e-03,3.766451174998846664e-03,2.237700080635521283e-02,9.098008581889759777e-03
2.926744372728031819e-03,1.736543030665022936e-03,2.595928602613430027e-03,3.617094526633002349e-03,2.179823753427824473e-02,8.839314067775662712e-03
3.137586464416027270e-03,1.734691551200343409e-03,2.502899940367677659e-03,3.786066996124266663e-03,2.164374314000605884e-02,8.385434888316408916e-03
3.012981327680528624e-03,1.747654682806568625e-03,2.581974929201534628e-03,3.725061975332886067e-03,2.174958788785438454e-02,8.556797474349907978e-03
3.147473335351829663e-03,1.753845131664463590e-03,2.574305264819875053e-03,3.843700486245436084e-03,2.191507266653114697e-02,8.552201742165569179e-03
3.179295375621023819e-03,1.767546180523367136e-03,2.531217526429949214e-03,3.905628398854244735e-03,2.231119144057310683e-02,8.456716456692466369e-03
3.077741292987858091e-03,1.712785480125118137e-03,2.460024708352870609e-03,3.817113671386156322e-03,2.161910985456017356e-02,8.178217601719210694e-03
3.110073293919726756e-03,1.694487246677448379e-03,2.591592567812055822e-03,3.803548368890226870e-03,2.126444304689519699e-02,8.544772035249595735e-03
3.031675806789833894e-03,1.697089279080333211e-03,2.531879658836375547e-03,3.736747700493500343e-03,2.115480417465248272e-02,8.324567978478773431e-03
3.145802713681695399e-03,1.676880058433873359e-03,2.625288122936485571e-03,3.793429954695673283e-03,2.097303007157720958e-02,8.677841598762654415e-03
3.100929061993298180e-03,1.660485625908366542e-03,2.576097487670529242e-03,3.760712586029803066e-03,2.091357771012149896e-02,8.466760854001090589e-03
3.092994522661928446e-03,1.669764836954754431e-03,2.537171629503423738e-03,3.830609608128801233e-03,2.093870734212344153e-02,8.323628537273235900e-03
3.145215408833525010e-03,1.644773492951809779e-03,2.564738594073488753e-03,3.818307822411092737e-03,2.072630608941155445e-02,8.410437215675890116e-03
3.247657082703126179e-03,1.612967930401721902e-03,2.683629052274868337e-03,3.887121576020377122e-03,2.063298058727611878e-02,8.790117009444535501e-03
3.238739137804586780e-03,1.579152193158697703e-03,2.670994454184430402e-03,3.849629910508380742e-03,2.025185260092214612e-02,8.698278508707083662e-03
3.200830986802653041e-03,1.595719856206295533e-03,2.689579429369917327e-03,3.842983649010164090e-03,2.011298849386254292e-02,8.748532152917893462e-03
3.317557275762672304e-03,1.587555236115971002e-03,2.669846964430178972e-03,3.956910603491597955e-03,2.003338601483863404e-02,8.640982804275304519e-03
3.214417246268161475e-03,1.562135963283245140e-03,2.651984910416778883e-03,3.849007773052268676e-03,1.961976186686966231e-02,8.614876093239557178e-03
3.239368518861836157e-03,1.503808396760332846e-03,2.645606275942749119e-03,3.878001755300381111e-03,1.898163240728102663e-02,8.521044983815171878e-03
3.224066423296061655e-03,1.469608926257397674e-03,2.642760058864514032e-03,3.846699853401167740e-03,1.839774833082035918e-02,8.526939168303679026e-03
3.189855346354993418e-03,1.461979989197212827e-03,2.643701898098457619e-03,3.814055496475898810e-03,1.816960189021100264e-02,8.470374383252092521e-03
3.178502365564332861e-03,1.467098653883334861e-03,2.678104417461179936e-03,3.786746221608254439e-03,1.803074370865254128e-02,8.586082006480989445e-03
3.183500458378977702e-03,1.475157033888428466e-03,2.650836642675960791e-03,3.854327841253309909e-03,1.815076418721956603e-02,8.556180511162006855e-03
3.154514185556138352e-03,1.530115095732004432e-03,2.677668392709369165e-03,3.833153548800747202e-03,1.882203679742681587e-02,8.637968404952140605e-03
3.196108333566351645e-03,1.518880083647988072e-03,2.676664152312434406e-03,3.807137203306101923e-03,1.862079516958465436e-02,8.617850712118192355e-03
3.137206057730994486e-03,1.552809081271921965e-03,2.649793689280654369e-03,3.759233265806106138e-03,1.895800133524142353e-02,8.506133778070367607e-03
3.255314016952589110e-03,1.599965734081010673e-03,2.731720679274178554e-03,3.916779554480650204e-03,1.959122885213520487e-02,8.814954163374667806e-03
3.264717707206519787e-03,1.544548348050798006e-03,2.745793321116526877e-03,3.930793182923827261e-03,1.912862534493228739e-02,8.840762275434135842e-03
3.208900875142679451e-03,1.558237280103920170e-03,2.730720271218203994e-03,3.898793627963408493e-03,1.917938114215913745e-02,8.850370817706749299e-03
3.380646453241577254e-03,1.526994854669513598e-03,2.848929928544083248e-03,3.989707707228119273e-03,1.904854022151419510e-02,9.273208873467733704e-03
3.315213391503931285e-03,1.530662821668991869e-03,2.849678240792066428e-03,3.903329783583149842e-03,1.880393161543591693e-02,9.331591331756646651e-03
3.188345422008209175e-03,1.531013063370007714e-03,2.783966877599374379e-03,3.769497604554936619e-03,1.861124138222912741e-02,9.094175425935503362e-03
3.247996728319910847e-03,1.516277347231354683e-03,2.852678122784032926e-03,3.830510270065477871e-03,1.848679574669000181e-02,9.380393611872765020e-03
3.075073769002218023e-03,1.477707321867597224e-03,2.765944489527332514e-03,3.620110440130691176e-03,1.803793655641742696e-02,9.110310077982091206e-03
3.040916762157907377e-03,1.473155133049527422e-03,2.760067909944737777e-03,3.558596157784998416e-03,1.809484592232508265e-02,9.278806913639364370e-03
3.000526030383541924e-03,1.462228589759165210e-03,2.810387218268012299e-03,3.554971090844301785e-03,1.786836877383303837e-02,9.413565691727607959e-03
2.893323215589280965e-03,1.430079435160302222e-03,2.762762675814687402e-03,3.466307315054898471e-03,1.739804548753945065e-02,9.245822853305401059e-03
2.947645227920925662e-03,1.427767593973727767e-03,2.759060475614252654e-03,3.502097124459562904e-03,1.747567001591696784e-02,9.200482385357186543e-03
2.933477143818051091e-03,1.348064504486305541e-03,2.810032066781818858e-03,3.407857766571562551e-03,1.689508847166538638e-02,9.486280300112557781e-03
2.875117957879387304e-03,1.390973810318921981e-03,2.762219413685111993e-03,3.427185261677948968e-03,1.731236580005102166e-02,9.218554136185016720e-03
2.931388844153738713e-03,1.341963248388473688e-03,2.824888540689133448e-03,3.418574870637321531e-03,1.705419426763994661e-02,9.284919211473879191e-03
2.959700509295208875e-03,1.391248778764864755e-03,2.762537629239502322e-03,3.419491339041336436e-03,1.772692332674441831e-02,9.167683417029946422e-03
3.028475804450937378e-03,1.399479375259037517e-03,2.762192710344664286e-03,3.528714958746299001e-03,1.790764702493264152e-02,9.195269946057746738e-03
2.936785432523084539e-03,1.424919021823833724e-03,2.686720085665446171e-03,3.502476038362091308e-03,1.791896877371413482e-02,8.901778172542403056e-03
2.951600561005282997e-03,1.389934521775558745e-03,2.771441942624245074e-03,3.496560586490696405e-03,1.757520564386628320e-02,9.234313052786647519e-03
2.890556243413755586e-03,1.371947110343990119e-03,2.791030388321570112e-03,3.395948302964682183e-03,1.721981977004079928e-02,9.272009385539011633e-03
2.764039318086345710e-03,1.344122728281039970e-03,2.790467146320227670e-03,3.252405266494646976e-03,1.698177468185018205e-02,9.316396797366127344e-03
2.781004028564777394e-03,1.298331312314974888e-03,2.778931591591224468e-03,3.208816103838323108e-03,1.665674052162155472e-02,9.353737149486996555e-03
2.749710150529584285e-03,1.290492396822550585e-03,2.651607918080801322e-03,3.212593420587367583e-03,1.659873809311339030e-02,8.888084751567677105e-03
2.805066324516818088e-03,1.293124739987118552e-03,2.705669577492928867e-03,3.234539768432329737e-03,1.676096477533753001e-02,9.110542823378003918e-03
2.762212556743829425e-03,1.277833992210569702e-03,2.645927489985328528e-03,3.202687738414174493e-03,1.667533990735226013e-02,8.884480849202789840e-03
2.804598897198900403e-03,1.286125476347811181e-03,2.651858407844782245e-03,3.223548703945205204e-03,1.665108951897388556e-02,8.971638963613109974e-03
2.813611331882977414e-03,1.282692969706218742e-03,2.670142798081281098e-03,3.243809946242397647e-03,1.660627665024333455e-02,9.026873761420917130e-03
