1.079956441854282412e+00,2.415804667182390453e-01,2.877455462548585419e-01,1.079125124060334784e+00,2.921244373378003800e+00,9.352466288840005637e-01
6.143138486815624688e-01,1.021465473500542953e-01,1.910351667275871357e-01,6.516132828804654942e-01,1.191264276793436494e+00,6.027831782668908733e-01
6.271074071534097349e-01,9.837314326798252129e-02,1.750662790049797302e-01,6.684643971743213786e-01,1.149015809005126343e+00,5.611607926965858084e-01
6.233111139770494136e-01,9.785526090765596374e-02,1.739351474197865233e-01,6.642435482273251202e-01,1.143941107566523563e+00,5.541953104404230279e-01
6.252941734398045348e-01,9.737551199687694004e-02,1.704777678170905364e-01,6.673179985671471304e-01,1.140264060910429089e+00,5.415379622060128018e-01
4.993493942673511987e-01,9.576269714139092060e-02,1.343878183696627093e-01,5.372852672286657638e-01,1.200695447358088419e+00,4.124766370655095216e-01
4.464684863455563590e-01,9.746937729138850648e-02,1.523102598118291073e-01,4.782615306907378461e-01,1.146875116079725032e+00,4.692327540587262202e-01
1.498156081247089544e-01,7.361575003418958929e-02,1.335516331776916421e-01,1.717288442112362146e-01,9.196483654687935827e-01,4.280404190476075343e-01
6.255362097049663173e-02,3.057270828099434984e-02,7.581239103096486243e-02,6.306419768554313854e-02,3.832855568200706498e-01,2.508779299050763467e-01
6.260922266216496779e-02,2.239318868646118441e-02,4.505240214381527747e-02,6.578918994122533170e-02,2.891505024996587347e-01,1.524529163855191383e-01
5.401244296895080232e-02,2.054697748835168994e-02,4.492935109879086369e-02,5.991581311467571169e-02,2.650691850788600146e-01,1.510638164452902943e-01
4.552716719203729612e-02,1.741244118737839824e-02,3.303605282402941740e-02,5.173119143864294417e-02,2.241616234737254243e-01,1.157153616181769845e-01
4.289637476879659683e-02,1.428890987967721543e-02,3.691485805186357078e-02,4.465290411756348693e-02,1.949009253520599394e-01,1.294378234067847522e-01
4.165880079006377412e-02,1.306626609560905539e-02,3.232493471370247867e-02,4.657549165324954138e-02,1.716003461422183352e-01,1.128555403145174996e-01
4.100461651627240051e-02,1.255401093083241548e-02,2.651319516203361204e-02,4.334474902175948496e-02,1.641762522919562872e-01,9.621373517148107402e-02
3.660590677540671162e-02,1.142096844131635335e-02,2.217505513434324393e-02,3.976260651982360672e-02,1.457799638573252787e-01,8.109201520820243092e-02
3.219432212296163137e-02,1.032156849537076322e-02,2.137135803609685469e-02,3.410326054295131915e-02,1.267433919658053909e-01,7.797002021838331243e-02
2.989111637497367593e-02,1.114033567598786759e-02,2.229721685985565360e-02,3.150232764342979219e-02,1.383700228582666336e-01,8.043512700866749243e-02
2.940183235368873382e-02,1.101412021816474025e-02,2.084178606088831973e-02,3.085798802120544651e-02,1.353782258355125945e-01,7.503413291140767494e-02
2.503601531316760470e-02,1.008346395135953366e-02,2.079246358848803669e-02,2.615864452862008693e-02,1.225598927902845775e-01,7.585176224927804578e-02
2.186576772432309926e-02,8.118277475880788033e-03,2.097077259376660396e-02,2.286623372564754869e-02,1.050687459148048064e-01,7.630483832666641597e-02
1.885643988840339860e-02,8.170105749820353799e-03,1.990608918522151008e-02,1.910681137226286075e-02,1.053079168356765988e-01,7.178770280852654617e-02
1.796059172045570348e-02,7.986410884589050657e-03,1.895586194716170764e-02,1.807193156680327040e-02,1.014352592242492024e-01,6.903593367776628131e-02
1.656702150291361475e-02,7.541793164745454019e-03,1.792021493544400032e-02,1.612583403323709572e-02,9.398128894073976003e-02,6.482395697696835546e-02
1.649180897170028637e-02,7.499260791325243827e-03,1.753848424597209688e-02,1.695995807091641924e-02,9.486774956271760983e-02,6.440016979654442086e-02
1.691044558514408561e-02,7.826585129766304091e-03,1.994415260985261257e-02,1.735886370457223257e-02,9.906754839588984007e-02,7.314539598686356503e-02
1.628236945389975251e-02,7.781875962493977478e-03,1.677354295535677525e-02,1.760524584194982783e-02,9.968305631851118176e-02,6.169093381918723529e-02
1.706570588311004041e-02,7.092205590155464291e-03,1.628323178759238932e-02,1.788110616597957461e-02,9.123675059645160179e-02,5.992791446846826298e-02
1.460279797659169883e-02,6.096483522074289813e-03,1.488044917129149360e-02,1.504147960888627990e-02,7.921979765643094584e-02,5.560670898598225886e-02
1.516866717047869913e-02,5.597126619369742137e-03,1.549247283652900077e-02,1.536988588849415131e-02,7.681990762938073480e-02,5.719489872613756076e-02
1.230886983264348720e-02,5.334541770017553995e-03,1.590283740504266213e-02,1.275514448496885625e-02,7.230726879702263632e-02,5.620782634610165668e-02
1.257161121438172754e-02,5.173770714048676368e-03,1.604898687591526166e-02,1.304642191040865373e-02,7.092781535846783003e-02,5.673767799798371675e-02
1.284735114653846530e-02,4.889153314781009667e-03,1.440354834305255204e-02,1.289236962054033514e-02,6.431333571267094928e-02,5.044816659914113516e-02
1.330398384028206281e-02,5.395986311597482377e-03,1.438396732044108089e-02,1.401834391977793172e-02,7.135553233440321275e-02,4.902615308346364859e-02
1.318941563905960679e-02,5.279501529824657050e-03,1.477336383795635651e-02,1.382489310888821397e-02,6.995752193274359931e-02,5.172854789123203234e-02
1.310420337994771395e-02,5.221561043394649416e-03,1.416628260730550502e-02,1.361690523269740681e-02,6.971937571904150699e-02,5.032375855532628811e-02
1.202051114387943549e-02,4.993397070862401997e-03,1.230181120905606690e-02,1.275034740067716721e-02,6.525725067330714890e-02,4.365772758835143041e-02
1.189284154793163704e-02,4.536710124304128844e-03,1.278196996446664610e-02,1.242135656377871440e-02,6.041600451742224626e-02,4.468919771332140883e-02
1.210019392145315204e-02,5.018329032986362098e-03,1.287324134595143124e-02,1.232198946965936889e-02,6.393279595518246150e-02,4.484765470384725200e-02
1.117047518881081856e-02,5.244983942469779239e-03,1.243514091914358841e-02,1.135356571338199880e-02,6.504689716551743939e-02,4.413242231911055496e-02
9.934344069909426672e-03,5.072045199043868913e-03,1.101607770043503028e-02,9.998650459177433475e-03,6.318936002315868328e-02,4.062479971095468018e-02
9.531479047353397932e-03,4.843062831813470942e-03,1.024825883673801535e-02,9.656697940875166516e-03,6.001661500241724928e-02,3.854440558186768978e-02
1.039224400895152715e-02,4.824551074768679802e-03,1.146994143156476742e-02,1.044259476739970924e-02,6.070766273859177359e-02,4.087593648375069388e-02
9.927324578013704132e-03,4.242699758842169606e-03,1.119055380325415829e-02,1.001669350178280293e-02,5.424648918614549675e-02,3.890775389154889352e-02
9.409827739251556619e-03,4.062614090666994728e-03,1.100857593615466902e-02,9.517315613755917766e-03,5.281067312103939621e-02,3.804718620160415371e-02
9.502116568117134621e-03,4.103604095257194773e-03,9.825882737897147223e-03,9.434681295380765303e-03,5.343270281857562948e-02,3.492315411487914578e-02
9.195992641973451884e-03,4.041794445902779573e-03,8.760929355423358045e-03,9.148288589637735418e-03,5.182875377799386202e-02,3.254538426136693169e-02
8.904565675708889586e-03,4.112434749858763505e-03,9.433627518507710710e-03,8.861020409799939476e-03,5.246490092208599271e-02,3.453727425153034492e-02
8.689409840439997479e-03,4.197785478453243922e-03,8.568276541931672818e-03,8.865221312232333256e-03,5.310815593969459708e-02,3.152215682440324268e-02
8.564797162867716571e-03,4.150103957645324623e-03,7.953562797063050069e-03,8.650716732485234928e-03,5.262489774391538450e-02,2.914107390355417243e-02
8.665776105809624985e-03,4.005497115650111239e-03,8.519207832385676873e-03,8.720477103478818312e-03,5.149806745207630154e-02,3.123291964352331584e-02
8.714435224207849745e-03,3.952273155929341558e-03,8.157394589810330887e-03,8.835828216209071911e-03,5.118211399817584883e-02,2.983378875040967534e-02
9.084786355422098947e-03,4.140490976306218304e-03,8.383958486673913357e-03,9.241441890330309022e-03,5.254543950384742146e-02,3.030343013891853912e-02
8.487454475424092634e-03,4.310804449927361538e-03,8.278216572753604660e-03,8.555943503876737091e-03,5.440936897855534748e-02,2.995489350751042931e-02
8.857765457509702081e-03,4.388016413283397747e-03,7.345450403791626767e-03,8.938132759062918098e-03,5.524990951369693898e-02,2.764964733741338485e-02
8.770385979700983867e-03,4.165941491892551259e-03,7.845280474356092215e-03,8.713830973477337469e-03,5.358424356454136867e-02,2.829777400886160366e-02
8.679425988718614954e-03,4.101345869887986460e-03,7.379510505679489317e-03,8.853875476758931579e-03,5.279221203298483517e-02,2.642631575088278881e-02
8.485798357881057380e-03,4.032834702004950596e-03,7.539289336373403323e-03,8.652616131137160285e-03,5.231275245137576024e-02,2.671172953428485944e-02
8.399729294621514561e-03,4.163791468279399652e-03,7.420875381814724323e-03,8.529430713876436435e-03,5.265343049441568307e-02,2.682937205575765607e-02
8.973998477264643128e-03,4.407319083484982636e-03,7.576923110438046893e-03,9.015171955356893196e-03,5.532464708434643025e-02,2.718849986036844454e-02
9.022121197686706548e-03,4.446439054580326317e-03,7.884257791037803387e-03,9.006012916959028544e-03,5.531481193313076555e-02,2.824126522146330753e-02
9.288723729633855536e-03,4.524793640440584290e-03,8.328000371261516654e-03,9.310617220030993624e-03,5.569667228965600320e-02,2.931277353179756115e-02
9.012993635462705419e-03,4.653145077933257094e-03,7.247171836644028531e-03,9.116636701402792628e-03,5.608237420886272306e-02,2.614382401161344585e-02
9.461460802116928095e-03,4.702945312812532863e-03,8.105191344285587324e-03,9.433303457308228265e-03,5.693744897335452360e-02,2.936571385829329223e-02
9.556755442207048867e-03,4.790965036822480289e-03,8.231053388049559827e-03,9.679944678534726024e-03,5.811877277816474702e-02,2.944908596724604005e-02
9.673094352886142319e-03,4.576217251920300204e-03,8.151260010397544387e-03,9.734617388529443957e-03,5.622729538136531785e-02,2.865971560094975057e-02
9.412611793819693554e-03,4.676021573091868055e-03,7.946069060896664496e-03,9.577653732860532884e-03,5.799015707825765087e-02,2.745892690730585006e-02
9.462155403669677417e-03,4.585259956886625875e-03,7.879666856593681851e-03,9.711990187114358936e-03,5.722405330253794997e-02,2.697041605231175615e-02
8.546807080450087579e-03,4.294632940333146034e-03,7.052092048156923150e-03,8.723679889564775816e-03,5.486681982516626588e-02,2.409482007196121767e-02
8.099674734094935297e-03,4.151581324369576012e-03,6.719915654893065908e-03,8.372460649868091603e-03,5.366758771028330710e-02,2.276649596619943067e-02
7.396518597723991326e-03,3.926735373912741689e-03,6.865823405462274931e-03,7.738217612987073786e-03,5.204341908349994356e-02,2.331292664122229866e-02
7.876757561281264378e-03,3.942706566703059294e-03,6.713815658940906761e-03,8.295355134464187097e-03,5.202244643535475915e-02,2.275026157069579349e-02
7.715378927586887675e-03,3.645506746397208543e-03,6.220566138511673775e-03,7.961548899814362493e-03,5.085693835734072382e-02,2.135277313254018219e-02
7.679374574087597868e-03,3.619959753273089154e-03,5.728001468649285104e-03,7.962172779432882819e-03,4.979818995581256069e-02,2.020173516656487145e-02
6.515423545299356238e-03,3.401761438935948026e-03,6.613281027437639334e-03,6.915410873059370765e-03,4.631303361477440150e-02,2.211810569933748624e-02
6.490502445777772758e-03,3.336485917920082971e-03,6.140486824066473601e-03,7.110741256017097563e-03,4.634522529461258811e-02,2.088285303082873176e-02
5.328133849107214749e-03,3.336107661543797221e-03,6.161129960288169727e-03,6.044410429149205816e-03,4.577128525189872593e-02,2.155413001041416032e-02
5.128705658062864513e-03,3.391465719318939240e-03,6.097458020108914578e-03,6.055530648416003990e-03,4.643876267599219426e-02,2.086342678035144407e-02
5.441667760718161065e-03,3.638126170651550390e-03,5.498057002002817821e-03,6.398747685543049180e-03,4.872051928611503824e-02,1.911122012481064961e-02
5.667644554683743709e-03,3.778575664178560403e-03,5.063012848826368116e-03,6.573633680000516566e-03,5.014327042847007559e-02,1.777107788344706868e-02
5.308949543136081556e-03,3.654291317996383182e-03,4.912984869290832474e-03,6.252724736112118611e-03,4.909084641486983341e-02,1.709949346944577772e-02
4.858204939203686692e-03,3.475706893387025664e-03,5.921441843454739590e-03,5.889866617944276156e-03,4.769968950269132951e-02,1.976633218430601940e-02
5.017108316963084409e-03,3.504112218647482263e-03,5.566833262957263800e-03,5.905849534764881156e-03,4.810685521410078269e-02,1.865118600312965988e-02
5.009776416562230529e-03,3.891542394169020778e-03,6.222226109140874262e-03,5.865510245957245017e-03,5.093748223327927011e-02,2.073826688917428454e-02
5.019836817965527519e-03,3.714403139130970869e-03,6.175886674601196308e-03,5.767839827210831383e-03,4.920364939350267697e-02,2.046829666208346138e-02
4.909392446422414930e-03,3.717893625434790222e-03,5.947851685337708985e-03,5.477248926124899525e-03,4.851900123294736189e-02,1.997863423379120026e-02
5.272082761086594772e-03,3.984526199382289711e-03,6.240490030844592084e-03,5.718838787096719792e-03,5.082707968582692720e-02,2.041879716735675587e-02
5.526897797709900972e-03,3.852444262731843667e-03,6.987304088168335217e-03,5.850809259976046985e-03,4.919064307271654723e-02,2.313082437220883789e-02
6.068018133320710050e-03,4.061395617246860157e-03,5.662986863115585141e-03,6.242588039058108614e-03,5.040334428045882553e-02,1.980013048125022629e-02
6.396409051488249897e-03,3.968267879744739879e-03,6.086583953814027337e-03,6.566576104540475418e-03,4.938572117922097882e-02,2.109185419400087802e-02
6.189177060336780410e-03,3.948675761737163378e-03,6.250061301596208409e-03,6.505264415881503899e-03,4.859099012397161826e-02,2.206814349318343693e-02
6.358196249893308290e-03,3.803081184493118522e-03,5.497457179568043459e-03,6.585952955788739772e-03,4.814638230078617520e-02,1.982988572921844800e-02
5.929812692654656305e-03,3.446876708763949200e-03,5.452239015000101205e-03,6.016201664938308075e-03,4.524019210444975292e-02,1.990883303973651000e-02
5.104430738525895898e-03,3.440027903101673754e-03,5.307257829573114316e-03,5.492913058356298402e-03,4.469176575339928875e-02,1.942595962103697838e-02
5.282146105715966947e-03,3.511548035292822237e-03,4.997914046762723037e-03,5.634810361592438796e-03,4.491503016514975660e-02,1.828570333367766920e-02
5.581088910630794403e-03,3.335587739268606935e-03,4.753876962012552713e-03,5.743883902888374283e-03,4.288886709006832498e-02,1.726951001796214746e-02
5.624889694248003807e-03,3.255923939530634258e-03,5.522099140910020562e-03,5.725298390598437467e-03,4.233224381452329460e-02,1.948529180205804678e-02
5.443143742691151747e-03,3.250202564248917333e-03,5.364522023438489037e-03,5.669556813279499376e-03,4.261027678854401035e-02,1.913987498683832750e-02
5.519236800045487605e-03,3.149122935709718334e-03,5.211707177218511018e-03,5.816398935291663963e-03,4.191794154221092916e-02,1.828312683688185919e-02
5.390842208339748955e-03,3.190527256313314183e-03,5.033912241015541487e-03,5.769699080249521099e-03,4.207868552720825384e-02,1.776240507779366928e-02
5.244353183475307205e-03,3.262108125488669477e-03,4.866529059637392761e-03,5.664659690056785858e-03,4.318861098170782148e-02,1.752830263876628547e-02
5.287855976732366153e-03,3.406038404914837458e-03,4.738151429665828432e-03,5.745817970254616519e-03,4.470202183962875692e-02,1.732653201450970806e-02
5.952064840947408897e-03,3.606528845584426601e-03,4.957143358119212896e-03,6.180695052928395980e-03,4.744152179677175313e-02,1.820832421613786251e-02
6.638057548953140916e-03,3.724323735433957092e-03,4.770007116696279095e-03,6.740952490387946104e-03,4.900154379442907965e-02,1.760595899155917299e-02
6.041120185479705897e-03,3.576135380255598961e-03,5.181878478661774284e-03,6.206597438396310035e-03,4.659125172430893941e-02,1.843120808583890644e-02
5.784162097606857303e-03,3.488610498528073919e-03,4.542517819313751648e-03,5.960221760214975961e-03,4.553514649677303794e-02,1.657856177126806538e-02
5.304804241704912798e-03,3.319933573924227325e-03,4.985149427858601330e-03,5.542060801606681769e-03,4.294766209342348873e-02,1.752360540279597825e-02
5.162244160228449293e-03,3.267330181948539716e-03,4.682593759973572439e-03,5.482381273574648758e-03,4.224158268800171090e-02,1.641286007570230687e-02
5.108065860613976959e-03,3.206214443968519699e-03,4.625728820759107338e-03,5.328980205002230124e-03,4.178261713109029940e-02,1.631000091535330515e-02
4.775583294219500237e-03,3.230484901312192896e-03,4.770727287305295654e-03,4.991324583247568406e-03,4.196903791054058808e-02,1.696692712677932285e-02
5.455433494246302722e-03,3.268966226061816287e-03,4.438289326498919690e-03,5.507943828355145281e-03,4.219138718198890692e-02,1.551239469975440599e-02
5.131791744323070323e-03,3.166116906585998616e-03,4.258258539736591367e-03,5.212977631121080459e-03,4.107418329328503537e-02,1.505852860199779347e-02
4.492857699502740727e-03,3.086331731623839954e-03,4.145448825685559349e-03,4.759768080155758058e-03,4.021329511446020827e-02,1.483333057591649205e-02
4.684533598477104085e-03,2.911332435585902833e-03,3.943758778167798761e-03,4.939274919279409981e-03,3.842949172484439596e-02,1.404293040927138275e-02
4.711692857433123598e-03,2.792906545780710070e-03,3.678068534813352941e-03,4.907422819361789181e-03,3.717756149941440352e-02,1.293419564744420665e-02
4.476973770957046010e-03,2.604906554848201387e-03,3.700236505228543440e-03,4.800414742245567336e-03,3.446571519511091447e-02,1.272740601163533172e-02
4.588892178213049150e-03,2.529473803021204618e-03,3.452108186789992501e-03,4.842751278316272980e-03,3.367481384722326165e-02,1.192268988291027634e-02
4.732044485644943885e-03,2.543245261595578500e-03,3.054322276585727351e-03,4.937030794887521494e-03,3.366566299992488492e-02,1.081925262326813124e-02
4.668848353974484021e-03,2.551379449794802853e-03,3.051145915787699912e-03,4.887630494979824068e-03,3.348792064094562038e-02,1.066183016210785206e-02
4.642725062288224382e-03,2.535016638434329020e-03,2.947806745702533440e-03,4.915753671544541466e-03,3.328162975705430821e-02,1.041848404869747183e-02
4.642725062288224382e-03,2.535016638434329020e-03,2.947806745702533440e-03,4.915753671544541466e-03,3.328162975705430821e-02,1.041848404869747183e-02
