1.057152622636291950e+00,4.604397760958501840e-01,3.352572856402581403e-01,1.074650229052673378e+00,5.387784665045278309e+00,1.134734632245085750e+00
5.536789652345736057e-01,8.747054069641103935e-02,3.276270339996091296e-01,5.515337587966898658e-01,1.067975266953524072e+00,1.044855911321867392e+00
6.408316200804643481e-01,8.366856767679077544e-02,3.307747252189774390e-01,6.593911905060569900e-01,1.005837187661853926e+00,1.053224550769818801e+00
6.474972011104107583e-01,8.336490566762570775e-02,3.328167628604487560e-01,6.664566164885594723e-01,1.002717734196182597e+00,1.057627813269308659e+00
6.483329248886281482e-01,8.321331039172508159e-02,3.331988321123641184e-01,6.677222846299037951e-01,1.001363461911652708e+00,1.058835061971935998e+00
6.489616808262826941e-01,8.297417911765489484e-02,3.273067914650086840e-01,6.698265538010744757e-01,9.995484401763115034e-01,1.041671101368669916e+00
6.474305660975621102e-01,8.405853548603184344e-02,2.967761908810807037e-01,6.721676287579830822e-01,1.008345320879423079e+00,9.550197257915971072e-01
6.472376659345696615e-01,7.981386447285233887e-02,2.787994059250220591e-01,6.724411204738791614e-01,9.756796309956471402e-01,9.087262999519178930e-01
6.455169036214304379e-01,8.125384269281460403e-02,2.763089843789010569e-01,6.709236628929182711e-01,9.853128808835159846e-01,9.061722442576639613e-01
6.429517714859396271e-01,8.055233337490617929e-02,2.699794562993185210e-01,6.688466236926294828e-01,9.789694005489730788e-01,8.941162145291450258e-01
6.459260600251290896e-01,8.056637776930086758e-02,2.670948041313062071e-01,6.720285035888436953e-01,9.818910638106999045e-01,8.871543187431755184e-01
6.425528301774935391e-01,8.039563086416251503e-02,2.629716880187921713e-01,6.693563628073148086e-01,9.781062618951917864e-01,8.740442690212357757e-01
6.405721517942759569e-01,8.020496709626709353e-02,2.609646383466647235e-01,6.681466604290391409e-01,9.761015821232923440e-01,8.690344898095017090e-01
6.403854933639001601e-01,8.002500561466138751e-02,2.624560709281665849e-01,6.684108516781658293e-01,9.760520901282360162e-01,8.738244482495614029e-01
6.390918915951675494e-01,7.979709088912384507e-02,2.612006095318663568e-01,6.676079451586208746e-01,9.744067108961478318e-01,8.706021610887291207e-01
6.383117343779480812e-01,7.958678463723597996e-02,2.640590836215226389e-01,6.669738304549726049e-01,9.724712574890346239e-01,8.763003343351656316e-01
6.382966491342538795e-01,7.984926307328697737e-02,2.626710654344483475e-01,6.670192857347567728e-01,9.735860951806970531e-01,8.739304560249707698e-01
6.379047056666354854e-01,7.986358275566887710e-02,2.629199213036793603e-01,6.662963169490577764e-01,9.734205604453647354e-01,8.747313610340935464e-01
6.353168109240555639e-01,7.979996602576193421e-02,2.667044330065213575e-01,6.629461396682919672e-01,9.727468478632183002e-01,8.844021175858215456e-01
6.361029802852045112e-01,7.959555870306442293e-02,2.673701972166060425e-01,6.639754411777760712e-01,9.719055596980776812e-01,8.877179273602495702e-01
6.349023419382053834e-01,7.953317037432659775e-02,2.672056038536253508e-01,6.625773330747193324e-01,9.706728398032247185e-01,8.869182087248825841e-01
6.340234539064686370e-01,7.967031467980896509e-02,2.685324779272685314e-01,6.609392734724182095e-01,9.721781064212335899e-01,8.899591064868498380e-01
6.339287064624840040e-01,7.962728130077321997e-02,2.675751778732042840e-01,6.608298525861699968e-01,9.726917806217361129e-01,8.882857419266124710e-01
6.325029633549649200e-01,7.967471317759823590e-02,2.675684308287571422e-01,6.590269860072253127e-01,9.734391518831533308e-01,8.879929422968162456e-01
6.323712432305719222e-01,7.976468761168657717e-02,2.664831602693881196e-01,6.588228685569843535e-01,9.748083578239556957e-01,8.856619551633425624e-01
6.325639363260188164e-01,7.988348887932267273e-02,2.661221036446539956e-01,6.589880532565677296e-01,9.754111641441414182e-01,8.844208791105034884e-01
6.323108699139591282e-01,7.983503684773884945e-02,2.664214464768884794e-01,6.588462276754015745e-01,9.749479317678400037e-01,8.851835821396338844e-01
6.318899203673455922e-01,7.975222607425577759e-02,2.652172933600372984e-01,6.587477975683653231e-01,9.734864777365310751e-01,8.821192491362345178e-01
6.329578815968517347e-01,7.987511444219007328e-02,2.670175757963373919e-01,6.596645351355955311e-01,9.739350414336644945e-01,8.872008250696387099e-01
6.324155578431163161e-01,7.982906691714430902e-02,2.668175799865151743e-01,6.591356501817967617e-01,9.733319114122586102e-01,8.868552681152537254e-01
6.321063064533037901e-01,7.981476216385503808e-02,2.671002854687697381e-01,6.589355283410940345e-01,9.730672925929455541e-01,8.863659749077200667e-01
6.327612862105622682e-01,7.975937770337912514e-02,2.672168756388913491e-01,6.594244802816686679e-01,9.727198606446509910e-01,8.865420720620557082e-01
6.321094103594275815e-01,7.977743632394775075e-02,2.664576096337979427e-01,6.585873174429497379e-01,9.738848753706433881e-01,8.846947443626891339e-01
6.316189290593123840e-01,7.981694081469113689e-02,2.660369923579410933e-01,6.578086630936549328e-01,9.743197465392007262e-01,8.834135626465725588e-01
6.304127855480604614e-01,7.952250196982733887e-02,2.669242445647350137e-01,6.565249303151372562e-01,9.735003448945672710e-01,8.861845491318901535e-01
6.299580791592821472e-01,7.942806623665076005e-02,2.668336312892204409e-01,6.562122790608021505e-01,9.727737674360310560e-01,8.857247114387067910e-01
6.295719692455171712e-01,7.949456503869262169e-02,2.670725369711802744e-01,6.558819361749392840e-01,9.739338492449478579e-01,8.860626207173224467e-01
6.290987866198843870e-01,7.963249380054776561e-02,2.681325259818432838e-01,6.552002348245326013e-01,9.754079553900285582e-01,8.883878719659954459e-01
6.293333009589221483e-01,7.967252629231520722e-02,2.677924729493273981e-01,6.551871794246002523e-01,9.760070904927837798e-01,8.875068731787874032e-01
6.291302790132933254e-01,7.978012938189299463e-02,2.686970475956862447e-01,6.549528369940947892e-01,9.771594254605434626e-01,8.896674413112600766e-01
6.285466531558561165e-01,7.963366654054825078e-02,2.693739595889128591e-01,6.544575074398332193e-01,9.763511454794316924e-01,8.912001197593697466e-01
6.283593605234544244e-01,7.962180148254255352e-02,2.685409612121168466e-01,6.542186527372539917e-01,9.764902305834729512e-01,8.889095868585940030e-01
6.282881234127714043e-01,7.968882276108335549e-02,2.697347325373883331e-01,6.543723817558698697e-01,9.775020164262868683e-01,8.927101279638579578e-01
6.291053001638279296e-01,7.972804377927220076e-02,2.695156241911594308e-01,6.550956403083789681e-01,9.781048066010874509e-01,8.923433799393515331e-01
6.288800493348188914e-01,7.969569326714986968e-02,2.701763780375604496e-01,6.548857337914442134e-01,9.782367856883014134e-01,8.938440968437102452e-01
6.284270910323767056e-01,7.968937537691805906e-02,2.700117882864347951e-01,6.544442270049529720e-01,9.781854430916255838e-01,8.932891846322363882e-01
6.277761637931030814e-01,7.967529703118009232e-02,2.700462904311636270e-01,6.538100228258461044e-01,9.785860328652662421e-01,8.932178548623703751e-01
6.271628671265960797e-01,7.976157269856384846e-02,2.705675624103442423e-01,6.530711712725999485e-01,9.792461780357549772e-01,8.938190808590459335e-01
6.268504831244067210e-01,7.984481428098258449e-02,2.703182133357072692e-01,6.524704164103476423e-01,9.801784022520927397e-01,8.934785954157425936e-01
6.272145062606995225e-01,7.991771493509639002e-02,2.698252071530435336e-01,6.528950405632929499e-01,9.809401751049390272e-01,8.927811649466058652e-01
6.264144256115449227e-01,8.001961862583566176e-02,2.701274232020710042e-01,6.520642691598057539e-01,9.812212697141010631e-01,8.930122609499719921e-01
6.255236829954312627e-01,8.005457253282630137e-02,2.703526465992992511e-01,6.512016910056384056e-01,9.807881821726766036e-01,8.929791502421726701e-01
6.260550375401828793e-01,7.998043978644810148e-02,2.705267896877207034e-01,6.515354435026450286e-01,9.804726194529728156e-01,8.934565218477164006e-01
6.255735018621677579e-01,7.983676305723028110e-02,2.709871786502531243e-01,6.509516926493791322e-01,9.792017625039032280e-01,8.949620216727026678e-01
6.254056960082181593e-01,7.984243502672780379e-02,2.707905711924351588e-01,6.510443282962190548e-01,9.788669550796519347e-01,8.944645241389216350e-01
6.235262193901146555e-01,8.003800041432121426e-02,2.699664368704306483e-01,6.494544602418050872e-01,9.801525905512330494e-01,8.907083149289015678e-01
6.239365239062553137e-01,8.030926453212265670e-02,2.707025293487615447e-01,6.500133600566045944e-01,9.820598322677013270e-01,8.934277495198305052e-01
6.222939693954776530e-01,8.033716603574526938e-02,2.722422770340834353e-01,6.480600899936315162e-01,9.822857855206703626e-01,8.971776342150276085e-01
6.233515178012748459e-01,8.026549807816714399e-02,2.712321595741965519e-01,6.490565296099577441e-01,9.805663017037569151e-01,8.945007166124944176e-01
6.222418542509171591e-01,8.016444654875241882e-02,2.703396695285707474e-01,6.479821456307306438e-01,9.793107753658264469e-01,8.925135571824260872e-01
6.222286438621549287e-01,7.980314262606096054e-02,2.692765412568169370e-01,6.477636608663749351e-01,9.769421449706157112e-01,8.901755478097675978e-01
6.220467150071552487e-01,7.987406703740541902e-02,2.689115347750336560e-01,6.476474006452821452e-01,9.768450221555367019e-01,8.888472911140030686e-01
6.215061957856206076e-01,7.989730000852823810e-02,2.694762806194736515e-01,6.471322936012005034e-01,9.770456640678263360e-01,8.903407574699837568e-01
6.213046321723854071e-01,7.997539376917181531e-02,2.694615500817235110e-01,6.468928834630847113e-01,9.771794726023307343e-01,8.894572509972301644e-01
6.210903049977132273e-01,7.991763750881251960e-02,2.698878338794322151e-01,6.464775335831874914e-01,9.769467006315099011e-01,8.909574629944461144e-01
6.217556284139270639e-01,7.980698291500210040e-02,2.692953690941951028e-01,6.471603135100106874e-01,9.760602412899893610e-01,8.892860027092389652e-01
6.217192095331564028e-01,7.979383029456574294e-02,2.698267968432013775e-01,6.472005277526801104e-01,9.759087372552872619e-01,8.907597977882187879e-01
6.217918369378234722e-01,7.972438695966803379e-02,2.698750727144787476e-01,6.472469442539001694e-01,9.755822817908172961e-01,8.915418021236992674e-01
6.215426679450021252e-01,7.966373452684759326e-02,2.696727377590313890e-01,6.469878920508680409e-01,9.752070948414280904e-01,8.910999454009275178e-01
6.213782454706883174e-01,7.978723029387069232e-02,2.692568189766105236e-01,6.468752026781176001e-01,9.754308404211927686e-01,8.906144316649365900e-01
6.215931499308986474e-01,7.983649885878797703e-02,2.706510539447892216e-01,6.469894698896428986e-01,9.756067909783709968e-01,8.944401579720056006e-01
6.213914598963968805e-01,7.978247610539505874e-02,2.700286698437708854e-01,6.468643992732339143e-01,9.752636006018819970e-01,8.932492832299879781e-01
6.216418520561155514e-01,7.985387687042780347e-02,2.687174316531902862e-01,6.471528883268956589e-01,9.753514091486679138e-01,8.896110712388908270e-01
6.218512425245605879e-01,7.981914923371394299e-02,2.686053821122981744e-01,6.473905852653072390e-01,9.748176593732791329e-01,8.895860856955607465e-01
6.215660443877166763e-01,7.979808717945681418e-02,2.686004445423402220e-01,6.470448901415466469e-01,9.744126911367716470e-01,8.896886938929911004e-01
6.214870490359385435e-01,7.966587546193833191e-02,2.690946165883379426e-01,6.470397764476444324e-01,9.736841089430751106e-01,8.909596867710701806e-01
6.214992658673994530e-01,7.968129270588490687e-02,2.684169749136116612e-01,6.472683863230197510e-01,9.734248576070173575e-01,8.895424264757868515e-01
6.215845898481603404e-01,7.963499019529825251e-02,2.690178940967780652e-01,6.474025790188902008e-01,9.731113667890523011e-01,8.911996866787119664e-01
6.217966324410648671e-01,7.954766010261513087e-02,2.680983783150136524e-01,6.475721948989185961e-01,9.723838535796919258e-01,8.887429568881914932e-01
6.213957381928136847e-01,7.957125184763388925e-02,2.675611187912503297e-01,6.471044663111511497e-01,9.723007115727797522e-01,8.871278685521662988e-01
6.209778853730191228e-01,7.956811391901433272e-02,2.677617103254826270e-01,6.465710126692666426e-01,9.724155558671626620e-01,8.876990854531211506e-01
6.210206618188774952e-01,7.961966026978448130e-02,2.681328173745898269e-01,6.465462203363160354e-01,9.727424764803909163e-01,8.882000709104518332e-01
6.210321991847383982e-01,7.962538175664142515e-02,2.680608989378975848e-01,6.466394235133839929e-01,9.728902163880214227e-01,8.886158717052877742e-01
6.211471362252909412e-01,7.955145034892263656e-02,2.683735568175352748e-01,6.466849646146614061e-01,9.726034046444771430e-01,8.898431716981105577e-01
6.216234266811234699e-01,7.954635405969717743e-02,2.682567211331191581e-01,6.470720864624327495e-01,9.724272011967071139e-01,8.894580437668260231e-01
6.213611125985255557e-01,7.951669261126589894e-02,2.689820301885909037e-01,6.467116796426805037e-01,9.721451635092138721e-01,8.911775708043113697e-01
6.211113597585752322e-01,7.941767530295996969e-02,2.684121429740564113e-01,6.463634227222204709e-01,9.711676682896118740e-01,8.898099061098643237e-01
6.212227851400476952e-01,7.938171099553215093e-02,2.681483648149383114e-01,6.464673587394980103e-01,9.706357827277344308e-01,8.893582292127528710e-01
6.209236691402407748e-01,7.923088705499549411e-02,2.663938194793711300e-01,6.462495418420798332e-01,9.697359486602059597e-01,8.846404399552578735e-01
6.197370342515232666e-01,7.930418347876772023e-02,2.670878368260453106e-01,6.448891553611953986e-01,9.703660196193977239e-01,8.860525745806991926e-01
6.200213066566896414e-01,7.944364330618963743e-02,2.670944873953439713e-01,6.453069920351565125e-01,9.713265672461420808e-01,8.869067133760302202e-01
6.204827744054555172e-01,7.942097374089915340e-02,2.667311673261667515e-01,6.458350011938993607e-01,9.712019951482210312e-01,8.859302337865382349e-01
6.195450214163205072e-01,7.939356065611123670e-02,2.673415948743050885e-01,6.447658789201354823e-01,9.712871964732021635e-01,8.875609498844402312e-01
6.202546923679698176e-01,7.935120003913444242e-02,2.669978518966668046e-01,6.455625886165111682e-01,9.707825489118663276e-01,8.861113312147781418e-01
6.196303815259559533e-01,7.940663261413347107e-02,2.668112979469461910e-01,6.450955899077879252e-01,9.708123802588615181e-01,8.856211146039874027e-01
6.199714588054652253e-01,7.927457673652443804e-02,2.672081683158552545e-01,6.456803630338130429e-01,9.699831927931646947e-01,8.867896671852857349e-01
6.191035976357947002e-01,7.938813229558727702e-02,2.674401215115517205e-01,6.447046871103643273e-01,9.703995502183387911e-01,8.869995154350381883e-01
6.191023994152771159e-01,7.942497884696592125e-02,2.679736985449681086e-01,6.445996569893465145e-01,9.707894999696365934e-01,8.885931062869547592e-01
6.191731595332179428e-01,7.928094046249765936e-02,2.666868840404609808e-01,6.447933778774979086e-01,9.698121302488130757e-01,8.856149148120561199e-01
6.183405771799512785e-01,7.938610051898310760e-02,2.679423431911360787e-01,6.440320292328937102e-01,9.709664793169092700e-01,8.896544350083506192e-01
6.177037127271833850e-01,7.963427144648278777e-02,2.679141774709872248e-01,6.434284307477908804e-01,9.723311510764421906e-01,8.891756642843455793e-01
6.181253831503887852e-01,7.954198449475066712e-02,2.666944531865724222e-01,6.438399453648474546e-01,9.717668922167432832e-01,8.861089922910301286e-01
6.176861471541194026e-01,7.962583893372407462e-02,2.669810532181109974e-01,6.433419375188754730e-01,9.720890894853990716e-01,8.864720982805631699e-01
6.185538180025494936e-01,7.954263839017708393e-02,2.673097395853105684e-01,6.441833592979748779e-01,9.718056203426218564e-01,8.882217394101790120e-01
6.185155876331502878e-01,7.970683833003452956e-02,2.677184432995455277e-01,6.441545814664149106e-01,9.723143017459840998e-01,8.903212176325648874e-01
6.188665272348160551e-01,7.958079836449866162e-02,2.668143162044687711e-01,6.445025119428627880e-01,9.717344237266744011e-01,8.884387410653864503e-01
6.175007742299476465e-01,7.967348068782484360e-02,2.680502518649505728e-01,6.428629636361309352e-01,9.723390418792020595e-01,8.913928265985596733e-01
6.180073685646920723e-01,7.968878079094265932e-02,2.693836080129555222e-01,6.431586046262954826e-01,9.724140408647377054e-01,8.944727911121955755e-01
6.172767973175837808e-01,7.975529617504904800e-02,2.691692031172059352e-01,6.424790327647991184e-01,9.727734575098387904e-01,8.945078797968002426e-01
6.167217031735066080e-01,7.964208720897912597e-02,2.686582929484215843e-01,6.417506839253854789e-01,9.718099910435831212e-01,8.928478174689958857e-01
6.166048194500935997e-01,7.966094566333704885e-02,2.676243364651628154e-01,6.415855839852097064e-01,9.718733661840879279e-01,8.901897969075616146e-01
6.166774102058071305e-01,7.972146297071705523e-02,2.686463333441528323e-01,6.417373428786254941e-01,9.721493729580834575e-01,8.933031208208979113e-01
6.169026285088471395e-01,7.974725175229935292e-02,2.692567723298048832e-01,6.419392978549907092e-01,9.722466164077497863e-01,8.940067778106418617e-01
6.168856885209673679e-01,7.968233345668095102e-02,2.688683736502521793e-01,6.418710481569167570e-01,9.716479411770461150e-01,8.927355664397532697e-01
6.160621303931786974e-01,7.967552310590463038e-02,2.695444653954257586e-01,6.409931925601962677e-01,9.714509590124402738e-01,8.941445169327124631e-01
6.170163159489824301e-01,7.970326402760261053e-02,2.697549118267112411e-01,6.420101997476984623e-01,9.713273988451057717e-01,8.948105231275174098e-01
6.171057639144506002e-01,7.970545826677477574e-02,2.697343858431802133e-01,6.421299486057316930e-01,9.713465787247792527e-01,8.948102162345057398e-01
6.172648415041507297e-01,7.978946553055679680e-02,2.692581072355593186e-01,6.422094418539506799e-01,9.720706362126638744e-01,8.930576931944749219e-01
6.172443680495447449e-01,7.979809610497239081e-02,2.696521132543818755e-01,6.421762627472141771e-01,9.721374017876227569e-01,8.943976745678918761e-01
6.175025288293592984e-01,7.976271783979702046e-02,2.695157048770298047e-01,6.424678142660038560e-01,9.719762368875898284e-01,8.941707784621194532e-01
6.170570526357914698e-01,7.974503165149395001e-02,2.697917145419335694e-01,6.420313819102363428e-01,9.718177406744324953e-01,8.947087525787704720e-01
6.167271511482447233e-01,7.976128607462129594e-02,2.695595644285484482e-01,6.416159904268544656e-01,9.719161641821972841e-01,8.939279257447281246e-01
6.177743839500092760e-01,7.985344202213594256e-02,2.702410637417671513e-01,6.427488367072508035e-01,9.725442355472992961e-01,8.960235518389986220e-01
6.175417049690159477e-01,7.967080247857699637e-02,2.695657700891173070e-01,6.424260232227737566e-01,9.710520030686897730e-01,8.939357874615981858e-01
6.165951668492907212e-01,7.967414905650799239e-02,2.696791949377341235e-01,6.413743538582947767e-01,9.711643445037649869e-01,8.946496279660873796e-01
6.171063741663026514e-01,7.975541475213966669e-02,2.707813605237903154e-01,6.419940270484184586e-01,9.717247048776218588e-01,8.983864675551290757e-01
6.173572441925513354e-01,7.984424171054542441e-02,2.710030715329861950e-01,6.421204255842155595e-01,9.722276547508401645e-01,8.985444199046583869e-01
6.163979370142269598e-01,7.997158066768655926e-02,2.713546938603358938e-01,6.408936561277170929e-01,9.731684073334218033e-01,8.983531117897575191e-01
6.169502318173379907e-01,7.998463630258804968e-02,2.712743011985751518e-01,6.415312906707603124e-01,9.727472757231415690e-01,8.984408144237697735e-01
6.168537145797734489e-01,8.002119753155659265e-02,2.716033070687259854e-01,6.413373318608476259e-01,9.726519745447138598e-01,8.993708757290251876e-01
6.164943332842339752e-01,8.016376653727609602e-02,2.714994431781334039e-01,6.408734117952841203e-01,9.733763995364811406e-01,8.994459995686120424e-01
6.171587297046794429e-01,8.007573058236078234e-02,2.704640218354542047e-01,6.414767484954947419e-01,9.720804147297317233e-01,8.964079064632762828e-01
6.174987499973080274e-01,8.006895381611112139e-02,2.710813095149974261e-01,6.416764151736163990e-01,9.718708188125262382e-01,8.979676673369542117e-01
6.170928219500884104e-01,8.020907990708303625e-02,2.708503081787693167e-01,6.411658032013977104e-01,9.731920930558553007e-01,8.977433312995600767e-01
6.173071128282399123e-01,7.984910036232209518e-02,2.713462500002921662e-01,6.412303730620318998e-01,9.699667756946509511e-01,8.986326302606035821e-01
6.171269481451493455e-01,8.037404724638605447e-02,2.705783552937469083e-01,6.409460630784032942e-01,9.749939709395238907e-01,8.961133478297103050e-01
6.167921959343086735e-01,8.017128938002683614e-02,2.707973173898234331e-01,6.405336140520110355e-01,9.728711097580556855e-01,8.965448368208356333e-01
6.166963419854654127e-01,8.010338147052033231e-02,2.707019842739223359e-01,6.404023870466936108e-01,9.720014279529480827e-01,8.961711172090659483e-01
6.166131175616070825e-01,8.014209359894504392e-02,2.694409125677681982e-01,6.404296766108029670e-01,9.725741775599198169e-01,8.926702402090718191e-01
6.160180229835785504e-01,8.039191231538835025e-02,2.694153776050665638e-01,6.398270924797488934e-01,9.750326911296235410e-01,8.926988933761528244e-01
6.160650867101162831e-01,8.039068118953515696e-02,2.690558511778552986e-01,6.398430736221291104e-01,9.751300688873862921e-01,8.919257526790266288e-01
6.154496466720830172e-01,8.042835729593272864e-02,2.698228262865461358e-01,6.391855434836012373e-01,9.750732242583031173e-01,8.932727972258324156e-01
6.154775703509225426e-01,8.035370797567426004e-02,2.693314294949258336e-01,6.392207270970980959e-01,9.740281615415171679e-01,8.915206307023015864e-01
6.152861024349446373e-01,8.046653041536117046e-02,2.696481307673591621e-01,6.389720199892685581e-01,9.749486405737979311e-01,8.921392256841992330e-01
6.150061220906499759e-01,8.047884439382710364e-02,2.699096387128579466e-01,6.387676162544093650e-01,9.747496053383366554e-01,8.925658673135767884e-01
6.150802794957176411e-01,8.045541207754386415e-02,2.698764063513711120e-01,6.389594767890702798e-01,9.743453098722381078e-01,8.923902300802536436e-01
6.150533912225422117e-01,8.032058867164873495e-02,2.693594057009586207e-01,6.389074711579934007e-01,9.730949973414912968e-01,8.911972782476774713e-01
6.147004132853890468e-01,8.027215332008998117e-02,2.684741378864373695e-01,6.386205148471353343e-01,9.728545319185522011e-01,8.891468594013351989e-01
6.146965277025738805e-01,8.039874434690472138e-02,2.689520109083465838e-01,6.385946079439175360e-01,9.741816089965721348e-01,8.903517812871341031e-01
6.152321144293929622e-01,8.015266022323246087e-02,2.684243484387893730e-01,6.392137304988784186e-01,9.720752382107392675e-01,8.889704763376307106e-01
6.146716991446888878e-01,8.032223503117522090e-02,2.685080994131661125e-01,6.385576042078230374e-01,9.735117817233166493e-01,8.890666063910654948e-01
6.149264839579660080e-01,8.029626134946991900e-02,2.682585825469616658e-01,6.388393080795550238e-01,9.733544675937896296e-01,8.887800264809361250e-01
6.148772416341544700e-01,8.023894316821816863e-02,2.680286551382605742e-01,6.387927520821027327e-01,9.726993950974168746e-01,8.884060438226822898e-01
6.146876470040339990e-01,8.028676877811707913e-02,2.691001003944630821e-01,6.385622649093342096e-01,9.728584011845657908e-01,8.910899779383273378e-01
6.142321404548481967e-01,8.013842388914961534e-02,2.689834371495320453e-01,6.382134746281458160e-01,9.711518687227171931e-01,8.904979253054888799e-01
6.135800756274727430e-01,8.030757121826626044e-02,2.687760854839368885e-01,6.376142353080753722e-01,9.728277585582475462e-01,8.895107197584753989e-01
6.140039142230702129e-01,8.018981028785321374e-02,2.676137303934024714e-01,6.379497620170110350e-01,9.720811881952685640e-01,8.864825241445634108e-01
6.129679635854423658e-01,8.026668973174390376e-02,2.675980910418765402e-01,6.367703162947313533e-01,9.728456215832566034e-01,8.861343666991011725e-01
6.134003826291566375e-01,8.022338634761494447e-02,2.686974015311258124e-01,6.372569585028641237e-01,9.720341202564358740e-01,8.890653999992323975e-01
6.135883525677716666e-01,8.028355038385683040e-02,2.688147366529434201e-01,6.374269550030222664e-01,9.726300750725640487e-01,8.894806916723398960e-01
6.136320900397472800e-01,8.055331763055617600e-02,2.682335804813865687e-01,6.375609410431696267e-01,9.750310576051623990e-01,8.881264650769392643e-01
6.133748165792708429e-01,8.024098357912312629e-02,2.678344312008425487e-01,6.373428565654541966e-01,9.716704949001006009e-01,8.874270112695099577e-01
6.126041327822429050e-01,8.052709558052101313e-02,2.677936141745042020e-01,6.365115522159067174e-01,9.745613084760069711e-01,8.876127716419102143e-01
6.120889298568570336e-01,8.044392599086887252e-02,2.681312812524508926e-01,6.359766582809647240e-01,9.733958392157272543e-01,8.886473203669152943e-01
6.125978333635971884e-01,8.046099064933583123e-02,2.684787506941959667e-01,6.363294625567514906e-01,9.731883761882736961e-01,8.890856355162219948e-01
6.118054965286267022e-01,8.072971115859017832e-02,2.677740786107440929e-01,6.354961736181212739e-01,9.762040498076374195e-01,8.870528862517552682e-01
6.122930843396779954e-01,8.049337053018987276e-02,2.680103247421471990e-01,6.359501172330437324e-01,9.738105045193433673e-01,8.875309080104323289e-01
6.119515946893142599e-01,8.083021135406930069e-02,2.685164638123065939e-01,6.355827813082329802e-01,9.774667033106009262e-01,8.887162574066191922e-01
6.120705846333039934e-01,8.059017521451442012e-02,2.686582707822274818e-01,6.357891768207349914e-01,9.747835865960317037e-01,8.892600839929973855e-01
6.116913926311478011e-01,8.064957570202922754e-02,2.686203523572020524e-01,6.353986515316968342e-01,9.756117542627212869e-01,8.889770536728192063e-01
6.112755937200620160e-01,8.063538177263819551e-02,2.684333675000349362e-01,6.349698231768895473e-01,9.757965685184493143e-01,8.885124341926037284e-01
6.109615270908047568e-01,8.058606996743951367e-02,2.690995609840561298e-01,6.345066146049763711e-01,9.752582689214698286e-01,8.901009619884796553e-01
6.109447014742466209e-01,8.041686815793165632e-02,2.696030847372017925e-01,6.344916278850131208e-01,9.734706360693727856e-01,8.915251250789969495e-01
6.108528055727615591e-01,8.051627469400432502e-02,2.700271756812637758e-01,6.343726529795077340e-01,9.746147916168005354e-01,8.924909969663259446e-01
6.105387502660810650e-01,8.053211481433363017e-02,2.703293017521413710e-01,6.340624548579332220e-01,9.748054577844967872e-01,8.930247650266299742e-01
6.105666766814787927e-01,8.042097797820725591e-02,2.700489334773014671e-01,6.341183045254638051e-01,9.734931396762730449e-01,8.920874424978848527e-01
6.106400565453046214e-01,8.057333707042700632e-02,2.696103970090357738e-01,6.342016387163182944e-01,9.752014872117886757e-01,8.911885381149691199e-01
6.107894874446501143e-01,8.046843047437052254e-02,2.694908765638499570e-01,6.344471938527410648e-01,9.741045712480861374e-01,8.910412926196523697e-01
6.103560089996732385e-01,8.048220794207479323e-02,2.696491174087655707e-01,6.339873088024818859e-01,9.740818372455638530e-01,8.916590935599250090e-01
6.107076550849321883e-01,8.044531240005942108e-02,2.693300866176819297e-01,6.344358871193710447e-01,9.736380549998255862e-01,8.909850158966198252e-01
6.110229595705517491e-01,8.036171234129979579e-02,2.696360519058491056e-01,6.347633509682101272e-01,9.726103177143848866e-01,8.917277827614636942e-01
6.109140802269179549e-01,8.046602140610281673e-02,2.699160822477426613e-01,6.346447316650751791e-01,9.736903458670674860e-01,8.928555628432952584e-01
6.106958719597987972e-01,8.043713744644546970e-02,2.694120924752070323e-01,6.343855825312356700e-01,9.733527329279999529e-01,8.917000271821597934e-01
6.107287726656170923e-01,8.052082576807892411e-02,2.697592832003949392e-01,6.344318452475792292e-01,9.740826346448765438e-01,8.925588955450166617e-01
6.103847070520989071e-01,8.045581830039738591e-02,2.694530389418944294e-01,6.341514921104720592e-01,9.733414177580858029e-01,8.921471761485012530e-01
6.107980628853494354e-01,8.056394650098991361e-02,2.695476315897373243e-01,6.345964567621990016e-01,9.744839504724770451e-01,8.925650176669253089e-01
6.108212215429003056e-01,8.049024029965830274e-02,2.695494152810450905e-01,6.346881548479850199e-01,9.735338578162768819e-01,8.921352903133347167e-01
6.107756948897196114e-01,8.057548056477230325e-02,2.701043153216731163e-01,6.346792339921266679e-01,9.745646871043025516e-01,8.932674778362943435e-01
6.108812045457474582e-01,8.045621196011717990e-02,2.697221412441475064e-01,6.348316496604480275e-01,9.734332005072499072e-01,8.925071132926194473e-01
6.104930680795367381e-01,8.056137690269372931e-02,2.707359908309310281e-01,6.343466629983088856e-01,9.747071561235266524e-01,8.950368169680715802e-01
6.106939794690264822e-01,8.021929543073259838e-02,2.704568989465232498e-01,6.346005231460752904e-01,9.712450250018983544e-01,8.950098027652109156e-01
6.104992669841691200e-01,8.036994225783526680e-02,2.702635186457336136e-01,6.344091208724949027e-01,9.729763135703271004e-01,8.946863010612244871e-01
6.104205070990206261e-01,8.022021595380611492e-02,2.703255872117727998e-01,6.343328061899945469e-01,9.713462599882687343e-01,8.949643964545258568e-01
6.098181470446930597e-01,8.029206897548786526e-02,2.709691513859351364e-01,6.336937033162765021e-01,9.720623953584954791e-01,8.964865763317654279e-01
6.097212797833064801e-01,8.036451060352846343e-02,2.710841394375702595e-01,6.335174120002659004e-01,9.726823702314522091e-01,8.961236803141700014e-01
6.098985242109709048e-01,8.022835041117251653e-02,2.714619967329804928e-01,6.336660392114092932e-01,9.713794229236621947e-01,8.974355997220356818e-01
6.092442740806349732e-01,8.033497989112049764e-02,2.715567984627798581e-01,6.328967051979651481e-01,9.720748845745657007e-01,8.972792729384860833e-01
6.095873101843449771e-01,8.029268656202827315e-02,2.722184463725124681e-01,6.331446740306412302e-01,9.716423055201951486e-01,8.987678435202645089e-01
6.091337826054518123e-01,8.017951747532957307e-02,2.711817129616984623e-01,6.326781499332242431e-01,9.704626866863339529e-01,8.965309062763892056e-01
6.089361489700897412e-01,8.035271563598087030e-02,2.714714261876403079e-01,6.324655471614882840e-01,9.723653769110018885e-01,8.975720672581983806e-01
6.092388079001840318e-01,8.011622036438380279e-02,2.710731394056415389e-01,6.327333465369903154e-01,9.701118019787512425e-01,8.966715175584774045e-01
6.092895489783740626e-01,8.019478967316967521e-02,2.711299304926841347e-01,6.328249995671026973e-01,9.708005953439178271e-01,8.971374828155923575e-01
6.090748723550637456e-01,8.017117449640971671e-02,2.708991512206525565e-01,6.325293547148608253e-01,9.707358124166942659e-01,8.968457548285775349e-01
6.085980231595152778e-01,7.999149286243739665e-02,2.711203753933145166e-01,6.318297080991323034e-01,9.691879518038137853e-01,8.972121257698892904e-01
6.081366936445321558e-01,8.000746220136965847e-02,2.716613283852855609e-01,6.312486430655737113e-01,9.694483607970656447e-01,8.988327971769836111e-01
6.081050652297349535e-01,8.004014227620181998e-02,2.717832672580176023e-01,6.311768643948352242e-01,9.697406281871692180e-01,8.989819896393780319e-01
6.080838978224830660e-01,7.985740533309687583e-02,2.715261629711966385e-01,6.311015809256285136e-01,9.679524466837891028e-01,8.978591375867156499e-01
6.082881441289524904e-01,7.987606693768679877e-02,2.708811822333447306e-01,6.312602153922877157e-01,9.683653405461081221e-01,8.963816706022508241e-01
6.081487090348427493e-01,7.956538906194575433e-02,2.711129499179008029e-01,6.310425996965456363e-01,9.654442497326518602e-01,8.972900392741004483e-01
6.078697401513308840e-01,7.960574609839939086e-02,2.715339215879100099e-01,6.306815935196181666e-01,9.657590826024292641e-01,8.980991674042730910e-01
6.076686819741785595e-01,7.967807166974195943e-02,2.718128893540558422e-01,6.304760586195192751e-01,9.658684070381654552e-01,8.986498355059866494e-01
6.064831993701150781e-01,7.977965740474579626e-02,2.722797940134062955e-01,6.289674800611229077e-01,9.665170366397568547e-01,8.997860936097030748e-01
6.070753578863739008e-01,7.941591419701722609e-02,2.718637807723739974e-01,6.296251518912820977e-01,9.626362595245064879e-01,8.984250960607280678e-01
6.056352801449282897e-01,7.948819465243389670e-02,2.714054116243391213e-01,6.281823307879036422e-01,9.629904251267186188e-01,8.974081257995271121e-01
6.046211020047731477e-01,7.934003727574497067e-02,2.716226303826848043e-01,6.270771879423578943e-01,9.614018309666007012e-01,8.963023916045587125e-01
6.053396089254622359e-01,7.968382198814760731e-02,2.722724491372957578e-01,6.277986490383185014e-01,9.639753417499308252e-01,8.983306016893098933e-01
6.043958235141755342e-01,7.933585677326758512e-02,2.725211881881317022e-01,6.265842672179958717e-01,9.604464369073890673e-01,8.982937722846335848e-01
6.041135091230467324e-01,7.923930864499979798e-02,2.727039095652053491e-01,6.264073542482820889e-01,9.593762100029383788e-01,8.998611362043597017e-01
6.038764130321080392e-01,7.916369359629056579e-02,2.721730836579733248e-01,6.262305721472314346e-01,9.588944123441431877e-01,8.988861605829145951e-01
6.043747254786544509e-01,7.908674181452299279e-02,2.718742791535566083e-01,6.267820936976445934e-01,9.581096550248622279e-01,8.977665773713666697e-01
6.034946796329047070e-01,7.959765797457307723e-02,2.718093877596416963e-01,6.257319347333230031e-01,9.630070072101380996e-01,8.970283152750887501e-01
6.032055771669866395e-01,7.931094248215270204e-02,2.720559737737429096e-01,6.254012847348126014e-01,9.607089600363437620e-01,8.980734160573456970e-01
6.024447746262195924e-01,7.939962588610909033e-02,2.715965373297427599e-01,6.247269605901427658e-01,9.612011851238747573e-01,8.963474307939788277e-01
6.018031560339421882e-01,7.932984975629810143e-02,2.713309642162820556e-01,6.241224953861422842e-01,9.604695886311377384e-01,8.958514977369164134e-01
6.023354949769768041e-01,7.909411423583058431e-02,2.704972942581247430e-01,6.246672078539456940e-01,9.580061987783408117e-01,8.938786033548214993e-01
6.014802925616324902e-01,7.911305546781588482e-02,2.703306319899265175e-01,6.239078051572859440e-01,9.582878207941293303e-01,8.936390633631516867e-01
6.015845173644432942e-01,7.912198860095598363e-02,2.700236624087137827e-01,6.241331888034575837e-01,9.584342903479670106e-01,8.929538751703601784e-01
6.016452379795801386e-01,7.903087219324034240e-02,2.709170988110395917e-01,6.242383706482040884e-01,9.572188961188680123e-01,8.958794190428372994e-01
6.001178977559530336e-01,7.908905209020600235e-02,2.710495734647627164e-01,6.227232206737803866e-01,9.575660883552060687e-01,8.960920772885719865e-01
6.008686660032339644e-01,7.890503128305176306e-02,2.701238828092483168e-01,6.235710463504500201e-01,9.560901899016076566e-01,8.937544260903945714e-01
6.007009002906256168e-01,7.894152526654389657e-02,2.709319985721209134e-01,6.233793731213581601e-01,9.559183828082515877e-01,8.960144106304869238e-01
6.005925568502464840e-01,7.893583372018631028e-02,2.695658562046004958e-01,6.232941572382928452e-01,9.556837839906767718e-01,8.926946514704954261e-01
5.996242753733806996e-01,7.919970363690333193e-02,2.693713913529454662e-01,6.223428061523953447e-01,9.579489377109166037e-01,8.919312804591518207e-01
6.012123413946974804e-01,7.911112681099280453e-02,2.688259520865034502e-01,6.239615423482978152e-01,9.573397896654979311e-01,8.902631427325120583e-01
6.007491314728451437e-01,7.913145283179211231e-02,2.694211476915594483e-01,6.236105316789207764e-01,9.574377854764299922e-01,8.917653365386715159e-01
5.997683032863747599e-01,7.923249095463347214e-02,2.689348387406392260e-01,6.225182754044312761e-01,9.579830885692373066e-01,8.901363311810094325e-01
5.992786500950565420e-01,7.911122706150387762e-02,2.699188889521326185e-01,6.219405457932649650e-01,9.566750965998380707e-01,8.928042301437469908e-01
5.992135137756208207e-01,7.907689119838538783e-02,2.687667490091288913e-01,6.218966108481225330e-01,9.562885262824033505e-01,8.893549531769091576e-01
5.989711106579712618e-01,7.920371348342086781e-02,2.693221729854147206e-01,6.216699680028121566e-01,9.573981886349151038e-01,8.909049405954648782e-01
5.995419953247379530e-01,7.892838553316068595e-02,2.691052294152785906e-01,6.223650090192296425e-01,9.551449580004353068e-01,8.903922764701580617e-01
5.995756681945459965e-01,7.908396152350781472e-02,2.693361191780793695e-01,6.224086923570252283e-01,9.565282246553423739e-01,8.916350286830611038e-01
5.997648187026807243e-01,7.906240257778522629e-02,2.698123051306249853e-01,6.227155092514051749e-01,9.559563375867633495e-01,8.926310569087112512e-01
5.991779556408713958e-01,7.908458742349919190e-02,2.685574598991142259e-01,6.221330497496754264e-01,9.560647530214154699e-01,8.890286873252967181e-01
5.990787339984331439e-01,7.895351111491841212e-02,2.693795694316464262e-01,6.221166667670444683e-01,9.549762094536152768e-01,8.909803950724596300e-01
5.987523554918674495e-01,7.902035110312431720e-02,2.691165739867747986e-01,6.216565268704972169e-01,9.555770515053148007e-01,8.900019958835213574e-01
5.990038201544550800e-01,7.898330814685472490e-02,2.684537533110533114e-01,6.220414360741896020e-01,9.553414297006205258e-01,8.886459206641175168e-01
5.991684997067344698e-01,7.891513728495444524e-02,2.692628438102339650e-01,6.223442675720892714e-01,9.544116867198448873e-01,8.907770990567178693e-01
5.991278691175071502e-01,7.880068650583785250e-02,2.691467608857344707e-01,6.223796231418917690e-01,9.533200430305202033e-01,8.902022973093535185e-01
5.992481176496612383e-01,7.882877482323839835e-02,2.692679432079341795e-01,6.225081728790931024e-01,9.534565036145924433e-01,8.903363809222233360e-01
5.992468678824285355e-01,7.869435113093550815e-02,2.692446295104496956e-01,6.224729649768878659e-01,9.524014788568071488e-01,8.905972198690045305e-01
5.990659522287229422e-01,7.875050605453121078e-02,2.690882273491664867e-01,6.223183773304541422e-01,9.528377902986457926e-01,8.903862905116227688e-01
5.984243557028732230e-01,7.878904453814412900e-02,2.693621955975341042e-01,6.215908375736014513e-01,9.532254533402164665e-01,8.912785542500276659e-01
5.984788203055332323e-01,7.875409751341821973e-02,2.689195738066166852e-01,6.215656533812652373e-01,9.531020264641673068e-01,8.901119240016471812e-01
5.984689633055024771e-01,7.876534463753337434e-02,2.690637070999754021e-01,6.215424802617125488e-01,9.533025883193478878e-01,8.904220511130479521e-01
5.982530130762805376e-01,7.890860464236297556e-02,2.689690329949028236e-01,6.212364598859354547e-01,9.547078828779150816e-01,8.901986793398758424e-01
5.984715307238194226e-01,7.874736844543515912e-02,2.690084683267460197e-01,6.214746328962490463e-01,9.533230219562632834e-01,8.907290731793537919e-01
5.979914526051929302e-01,7.881769563224698405e-02,2.687189222850014381e-01,6.209231127484314827e-01,9.540529049734628453e-01,8.897716843923253460e-01
5.982535927342227389e-01,7.885495713484663716e-02,2.684149182924167043e-01,6.211708960050909001e-01,9.543185861032815742e-01,8.890371494609042857e-01
5.980899675281854400e-01,7.887894552023354267e-02,2.683932206635176732e-01,6.209454041075354036e-01,9.545268173556977764e-01,8.892869720806352296e-01
5.978455704001968130e-01,7.876675322790217815e-02,2.685939924723924066e-01,6.206174431407275316e-01,9.532789867474610324e-01,8.895309494454065602e-01
5.980904296634497186e-01,7.892597957717868706e-02,2.685354605984723864e-01,6.209118561645521339e-01,9.545467715727536939e-01,8.891954278807064904e-01
5.978348255174419368e-01,7.893676017087782049e-02,2.689902356949613327e-01,6.206539552215057931e-01,9.548048131001064531e-01,8.903348953092868889e-01
5.976848081269597879e-01,7.881212569669360235e-02,2.685241151585850972e-01,6.204614122568400392e-01,9.537474469534766852e-01,8.891821334331239113e-01
5.977347143428585197e-01,7.896799160550929675e-02,2.689000644764749093e-01,6.205018943730282732e-01,9.551895360969204773e-01,8.905950634009316413e-01
5.977507612238064372e-01,7.896213160547838061e-02,2.684014687709197489e-01,6.206049435998426400e-01,9.547503876955444335e-01,8.894737196756697939e-01
5.975915226810711856e-01,7.876617673779814921e-02,2.691540426621219506e-01,6.203939528400950199e-01,9.527349338694248715e-01,8.916443989598901165e-01
5.969476680908420985e-01,7.886763072419794574e-02,2.694728661681456972e-01,6.196126588619740305e-01,9.532827584456258219e-01,8.917205183719826289e-01
5.970867800235533096e-01,7.870991738420252126e-02,2.691051513753550117e-01,6.197831664802351259e-01,9.524282106213636245e-01,8.905134044639606561e-01
5.967329058836412514e-01,7.884785636477102677e-02,2.689984717739870024e-01,6.193788183519408630e-01,9.534676437397562321e-01,8.901657796076427598e-01
5.965150126473369729e-01,7.872307405548288617e-02,2.687227078385812096e-01,6.192247898148941498e-01,9.525454405612181485e-01,8.897586094911851262e-01
5.962337300767523995e-01,7.889920463745943302e-02,2.688132697716259512e-01,6.188560720286554462e-01,9.544007266614960017e-01,8.901372376529729236e-01
5.963601643771109240e-01,7.866050669188554001e-02,2.686356404781465312e-01,6.190891132122042784e-01,9.520939949583426820e-01,8.902637646125354243e-01
5.964000635512622939e-01,7.853845695064755328e-02,2.685181801751155284e-01,6.190359272918064537e-01,9.510857910612282584e-01,8.900470682039445247e-01
5.961878429811573454e-01,7.837440794469585637e-02,2.691265866527943751e-01,6.187323248737449655e-01,9.490745387971933900e-01,8.916925628011003191e-01
5.956249173881523751e-01,7.837880576171232794e-02,2.686370715500450146e-01,6.181770383362621413e-01,9.488338322524588753e-01,8.902918797551540031e-01
5.958694123030899847e-01,7.831127992781038161e-02,2.689411653818034043e-01,6.184689790786737085e-01,9.481903920582389622e-01,8.906362862793568702e-01
5.963372724092953492e-01,7.831405856187018122e-02,2.693908580212677761e-01,6.190044541621388952e-01,9.479451143280493985e-01,8.922838335200714566e-01
5.957898183317693608e-01,7.836207978176859545e-02,2.695703279755123916e-01,6.183860975835492324e-01,9.481866526439224341e-01,8.919973223302479770e-01
5.954573360576959073e-01,7.835993227139793904e-02,2.692448446184801392e-01,6.180767892622086590e-01,9.477459169586397447e-01,8.909027034888277186e-01
5.959843501462681603e-01,7.847239528505220441e-02,2.696762697895162542e-01,6.186594282298827352e-01,9.481109840038279835e-01,8.916117530469127583e-01
5.953297410957510971e-01,7.837976005962840609e-02,2.706159079855346983e-01,6.179599299210289942e-01,9.464075369438884611e-01,8.933076410142826163e-01
5.945849556648875600e-01,7.830935544496318845e-02,2.702021740276315809e-01,6.172236433853169890e-01,9.451702507607767645e-01,8.922935302276041591e-01
5.941102309733274911e-01,7.861051074816639839e-02,2.695286869412894526e-01,6.167154692739154065e-01,9.479698220023299315e-01,8.900027052981210884e-01
5.939167571267427448e-01,7.849398924549075285e-02,2.703980800233641846e-01,6.165944009226069777e-01,9.465744006963956458e-01,8.920485052824540517e-01
5.926585998681784817e-01,7.884645641208874733e-02,2.699972721263389497e-01,6.151900302599385695e-01,9.493024720531794136e-01,8.904638118940504388e-01
5.926337577543429047e-01,7.798666914051205490e-02,2.707018107537753626e-01,6.152958714626532988e-01,9.402108335792042082e-01,8.927856670760564439e-01
5.905822878661666220e-01,7.857100412678534596e-02,2.713231538071759763e-01,6.129208208694459925e-01,9.440438044126345796e-01,8.936356539565386559e-01
5.905178118679220711e-01,7.827563707796710013e-02,2.704846762421103668e-01,6.128742482516572609e-01,9.419644106098408187e-01,8.917507027215789694e-01
5.899900239125589474e-01,7.841954578823719102e-02,2.706667663398922841e-01,6.122040434656399466e-01,9.427744066882727259e-01,8.918394482206928320e-01
5.903717370085245220e-01,7.823415212117099116e-02,2.708944679777555153e-01,6.126269870201153100e-01,9.408984915089531054e-01,8.923371518624152454e-01
5.897407387989261895e-01,7.838784712482051165e-02,2.702331768226983733e-01,6.120008142546286001e-01,9.419801980270232633e-01,8.900150668730483217e-01
5.893732905704114344e-01,7.849532449272413059e-02,2.699853565011015033e-01,6.116156052398742382e-01,9.431583618743475395e-01,8.887563195962138174e-01
5.888544820800709623e-01,7.820503323994701383e-02,2.689760398004403807e-01,6.111172265965253425e-01,9.402663868190030971e-01,8.863225809122798893e-01
5.886017723779847222e-01,7.826155635518108888e-02,2.686211900896335880e-01,6.108936214730666947e-01,9.405089987306021193e-01,8.847449652047029156e-01
5.886395091144649427e-01,7.827012815592061801e-02,2.687472131565699640e-01,6.110638580025685718e-01,9.399695567535047980e-01,8.847145550298416428e-01
5.874522142195396368e-01,7.828947796145631355e-02,2.695216365477263731e-01,6.097222009012228661e-01,9.406420468655936062e-01,8.864910327611587038e-01
5.869975966310646553e-01,7.836576436954544034e-02,2.695361419011879645e-01,6.091755350410162917e-01,9.408966366371233070e-01,8.868765857927387586e-01
5.862707374120258441e-01,7.817121336353834160e-02,2.699023641796820527e-01,6.083291175931447858e-01,9.390932995402557770e-01,8.878633261441543079e-01
5.867709674044437884e-01,7.819541662752255151e-02,2.708917392756055031e-01,6.089386454045445651e-01,9.380908396304709074e-01,8.909272920898462234e-01
5.872770645186033978e-01,7.791924364509295042e-02,2.720745386696061252e-01,6.095414189803819438e-01,9.348150438280168339e-01,8.944515261784228288e-01
5.861441845355352953e-01,7.778937329030682912e-02,2.712924793953253588e-01,6.083943541783048969e-01,9.334075577178112537e-01,8.925201504829780585e-01
5.853992060980319767e-01,7.798039530299714917e-02,2.716765578297349881e-01,6.075273082430240335e-01,9.351334624256197880e-01,8.930311763775043987e-01
5.851940723483964879e-01,7.773777221127572967e-02,2.717630279629421053e-01,6.072741677428767915e-01,9.326141863223893491e-01,8.931841027914266817e-01
5.843298791767832512e-01,7.764494548144326713e-02,2.709588378623351002e-01,6.063673817315652359e-01,9.318223315630671522e-01,8.908213971952999577e-01
5.841400797429536773e-01,7.786732356560040202e-02,2.713497838222099223e-01,6.062288828243499461e-01,9.333237786575360184e-01,8.923823642913816245e-01
5.841172719496877663e-01,7.780667441622914071e-02,2.713123090842580742e-01,6.060990292710237703e-01,9.325198820114218856e-01,8.920124050361214474e-01
5.839025730014243409e-01,7.764966634848431692e-02,2.720495731537254658e-01,6.058212663487967387e-01,9.309814037048034230e-01,8.936662180665319033e-01
5.836265380727014840e-01,7.767853714816666533e-02,2.721783627665804728e-01,6.054527316155646766e-01,9.313797326273085542e-01,8.938347893256844978e-01
5.843739019548374047e-01,7.762129333511548490e-02,2.725192315218961103e-01,6.063000376605871544e-01,9.308728455351866771e-01,8.952151889806102547e-01
5.837208138463392260e-01,7.768311693130404427e-02,2.716083735775950969e-01,6.056210842264965200e-01,9.317404535925480902e-01,8.927694045409354517e-01
5.835424650242300171e-01,7.767451814081509365e-02,2.722998172437799402e-01,6.052643701431118517e-01,9.316835364789309848e-01,8.947828200691052558e-01
5.837565153065852330e-01,7.773331980026307320e-02,2.719015422330122167e-01,6.055134984525607500e-01,9.321496750836339995e-01,8.936608326829570403e-01
5.834618982591909253e-01,7.743787112182841381e-02,2.719197345296256452e-01,6.051665735942880486e-01,9.290934413882796505e-01,8.936621074377812945e-01
5.831630876705358180e-01,7.733635036452633782e-02,2.718379578654432360e-01,6.047848537118701850e-01,9.283295991997873031e-01,8.936268820282670111e-01
5.837552204712846970e-01,7.746648386141449794e-02,2.716848993466519091e-01,6.053558105320010485e-01,9.292468927165548065e-01,8.929066694616173416e-01
5.836179938886887353e-01,7.731855261371728405e-02,2.714158054672469178e-01,6.052076052981023579e-01,9.280366472097317798e-01,8.920976274293176411e-01
5.832778325777391304e-01,7.716089191208082287e-02,2.716237123495675587e-01,6.048332497596058399e-01,9.270391376558377861e-01,8.923431760470474927e-01
5.825568088114312371e-01,7.740936498231673624e-02,2.712423424748781065e-01,6.039885145423689039e-01,9.292066273996173464e-01,8.913514967009061873e-01
5.825193947125628657e-01,7.707662347965640870e-02,2.705336372136426526e-01,6.038538653054267291e-01,9.268855110513403162e-01,8.898513690905827112e-01
5.827016271400745628e-01,7.714278234098383147e-02,2.708793408875845854e-01,6.040710106777661403e-01,9.272377569318592805e-01,8.906611749317708826e-01
5.827190709702382287e-01,7.699271788655319415e-02,2.714444544462997211e-01,6.041062308573232897e-01,9.262700522780005219e-01,8.928288211336014024e-01
5.823784644141261069e-01,7.697141784683314558e-02,2.708761489133871270e-01,6.036934367404581669e-01,9.259338178994108715e-01,8.911897894309910306e-01
5.819144367211532831e-01,7.670027370309916159e-02,2.710203841186006324e-01,6.031019032680892122e-01,9.233827941657812843e-01,8.916602194854686969e-01
5.821986383903907658e-01,7.672389764146490820e-02,2.711132129627152332e-01,6.034596151650102325e-01,9.241422353044915772e-01,8.915819198012665536e-01
5.818959416657717432e-01,7.649376954890170499e-02,2.709612279954471958e-01,6.030252603919706855e-01,9.219776433049620135e-01,8.915010722062757242e-01
5.820031470072034585e-01,7.648601382165830243e-02,2.708221390465588851e-01,6.031963717292863070e-01,9.215842363854108710e-01,8.913523348269144497e-01
5.819111273042081312e-01,7.645019949721679198e-02,2.711277515385610015e-01,6.030131237235517583e-01,9.217138415682057939e-01,8.920749133526608698e-01
5.814294978506153733e-01,7.647255351132375978e-02,2.712549903844252430e-01,6.023187764852269144e-01,9.215940785996814544e-01,8.923389493272624318e-01
5.811979439120841251e-01,7.658697618195563217e-02,2.707527033907644043e-01,6.021082011704332881e-01,9.222938116946922671e-01,8.909049302809866067e-01
5.806406899268261590e-01,7.654063440861827439e-02,2.714742772236080071e-01,6.013838445301193936e-01,9.220929615389946710e-01,8.925352668851466165e-01
5.807374021434300593e-01,7.629557708772431723e-02,2.710466991943257242e-01,6.014386773951434506e-01,9.198667801891078355e-01,8.915376211231124115e-01
5.801702052746181559e-01,7.645450584596115429e-02,2.712355497445348429e-01,6.007501887825239528e-01,9.207583181733669520e-01,8.916627098174227939e-01
5.796569040393267924e-01,7.644555431591379402e-02,2.712919221739840681e-01,6.001742877993887504e-01,9.206848848337864100e-01,8.918444869974393452e-01
5.797269755192342444e-01,7.633073844502646921e-02,2.709547870623960075e-01,6.002518865517273428e-01,9.198792443420066300e-01,8.907620008532532996e-01
5.796988441820295490e-01,7.605294335733003841e-02,2.705972551007514437e-01,6.001987428656618828e-01,9.172409710582424269e-01,8.897463860764346366e-01
5.792419434123612376e-01,7.641802376329732971e-02,2.709024738273002608e-01,5.996961887875605912e-01,9.198443185348406104e-01,8.903157957987313242e-01
5.797766491927864863e-01,7.635578317863367381e-02,2.712041560445703214e-01,6.003007545815721713e-01,9.193778861189074725e-01,8.908523707604801833e-01
5.797498770516744671e-01,7.623305421432712004e-02,2.708147306710664282e-01,6.002583409375598089e-01,9.181420781958449240e-01,8.899422578590241439e-01
5.801119042410038951e-01,7.625977813178189124e-02,2.708977211846665401e-01,6.006625997594916555e-01,9.186770349442168193e-01,8.903789453209705052e-01
5.797056034588031759e-01,7.624154535158256252e-02,2.716362486534638077e-01,6.001584836590316829e-01,9.183167207582819680e-01,8.924034265703711943e-01
5.797623230833651720e-01,7.628094008186991903e-02,2.707325450505171371e-01,6.002038805711089609e-01,9.186865269380602994e-01,8.899572572496936562e-01
5.797757976943080926e-01,7.617197014291862689e-02,2.714402257137923935e-01,6.002243693054603035e-01,9.177440119526728557e-01,8.916875893371212225e-01
5.798823237397857655e-01,7.614611471337433268e-02,2.709433521643426768e-01,6.003479737054180365e-01,9.175491148602108460e-01,8.904171634702637839e-01
