9.424381557005064858e-01,1.400494352876927584e-01,3.408852136616949413e-01,9.334041223539299992e-01,1.631834401753984309e+00,1.105323445668866089e+00
6.308745506155031268e-01,1.043576741827411808e-01,1.903905054577552103e-01,6.822886700904803314e-01,1.227845517945693077e+00,6.324604130302858840e-01
5.515381223056817772e-01,8.956960899398058729e-02,1.730100873030177011e-01,5.841264622701378695e-01,1.060716582242135386e+00,5.435759109238859077e-01
4.893177890941525221e-01,1.028051922144578856e-01,1.481106536510243266e-01,5.369517739347280383e-01,1.324580991723125711e+00,4.636336323091954648e-01
4.260973674790738963e-01,1.165597418598183638e-01,1.339319361780401119e-01,4.970026868125809183e-01,1.527651233522467900e+00,4.271820592568772446e-01
1.428329844470310750e-01,6.385193006163207563e-02,8.756667493897592192e-02,1.488840425458476946e-01,8.192830353963181933e-01,2.841846013896351941e-01
7.387668621090934251e-02,2.081203170105673170e-02,2.705680061385599619e-02,8.850448443501961193e-02,3.001610371308540137e-01,9.064894392480567220e-02
5.868726465145861909e-02,1.492212679724780507e-02,1.176957766198529279e-02,6.938886701621350961e-02,1.986037729051985112e-01,4.237070571520402951e-02
4.091249386480780292e-02,9.858262271191211429e-03,9.374364013099033624e-03,4.799973079650773911e-02,1.364095537121446378e-01,3.173670301440697367e-02
2.692633348348958192e-02,1.049058899250171310e-02,1.319329858135874847e-02,2.984947311613336124e-02,1.272375195594264985e-01,4.313256404161114332e-02
1.597172823598405275e-02,7.825437993620214944e-03,7.885790618350780462e-03,1.797917803907789214e-02,9.732653072194537291e-02,2.636724578683599315e-02
1.606422858844232596e-02,7.354404516079546435e-03,7.581156999494953301e-03,1.616983664118165631e-02,9.208681745802527185e-02,2.560075866105060785e-02
9.435644431541035521e-03,5.633087457741539281e-03,6.008612738380362042e-03,9.608007916861562372e-03,7.169475336342849559e-02,2.044723946224730540e-02
6.558680515624629691e-03,5.059425887438281054e-03,8.845291070203353465e-03,6.639915229346117324e-03,6.564789456312554450e-02,2.982936802553609601e-02
6.172484585953381085e-03,4.003892125145165279e-03,4.903858528797368395e-03,6.162832236457544549e-03,5.130791369939811247e-02,1.794518153428064158e-02
5.474008610933779953e-03,3.409566429956982069e-03,4.451964152261542011e-03,5.498322998987207992e-03,4.305123376168756150e-02,1.538854756374836118e-02
5.256743180494090513e-03,2.769916917401292825e-03,5.012174701498809878e-03,5.389195342838993576e-03,3.498419066298264629e-02,1.719449741083330790e-02
4.465766710479121201e-03,2.780988389484527826e-03,5.013355226994791608e-03,4.605458248995443829e-03,3.454233598056547644e-02,1.766527922199562228e-02
4.232551290712442162e-03,2.515193007508243362e-03,4.268641480026610577e-03,4.483911940053942821e-03,3.101970616002810294e-02,1.454929660613321282e-02
4.366484635723689306e-03,2.362766611349674528e-03,4.499701232851234869e-03,4.666399459404248044e-03,2.913024922657713942e-02,1.536858295955303121e-02
4.522647908155816472e-03,2.428276700735191272e-03,4.623618075638479333e-03,4.891344623398148801e-03,2.997124972388121381e-02,1.590873893684245644e-02
4.348795227773751167e-03,2.485860003248880224e-03,5.214290885833034427e-03,4.516561440288538801e-03,3.047415316330533835e-02,1.799711129798360273e-02
4.431006171502615415e-03,2.450937881684530761e-03,5.096918289573975670e-03,4.579311185969035282e-03,3.032264313202447797e-02,1.760730038843049891e-02
4.438051951513801927e-03,2.428894605785916240e-03,4.709405127902837468e-03,4.561843760850456744e-03,3.057318231270732267e-02,1.618373858550766278e-02
4.980450011729853181e-03,2.363174304078659825e-03,4.710825235749962168e-03,4.978607493358523650e-03,2.913112842757939816e-02,1.612065483043573916e-02
4.946763934142991981e-03,2.272390287597025188e-03,4.864971517266072042e-03,4.987308950092156183e-03,2.826280307563639946e-02,1.624838304601889175e-02
4.646749031400432967e-03,2.177212048143882528e-03,4.809155553449982745e-03,4.687288726533640933e-03,2.639926884535411314e-02,1.621515350575849362e-02
4.519640840956605683e-03,2.258014524270437421e-03,4.668890624873501226e-03,4.496146710610620170e-03,2.722533597760571147e-02,1.559870982741228505e-02
4.278208815925262608e-03,2.169144531100850818e-03,4.729263470669482598e-03,4.399002126716114978e-03,2.668023448304185016e-02,1.587513109931463010e-02
4.125840461682257071e-03,2.103714100748809053e-03,4.583451237772810660e-03,4.337552199070084796e-03,2.591515211033828051e-02,1.526374658669689931e-02
3.803313630906851074e-03,2.066785007295167745e-03,4.497773430029492966e-03,3.994100757293704736e-03,2.515290421584268077e-02,1.505887154863774779e-02
3.689831369524710497e-03,1.993831626430323141e-03,4.514301667926472889e-03,3.828435186342749649e-03,2.430458223656255592e-02,1.513304702568068691e-02
3.884491251760024185e-03,1.918248173084707376e-03,4.404528148548199351e-03,4.035504031150511511e-03,2.370183336594679571e-02,1.496766629201526540e-02
3.826672772077224349e-03,1.870329630279277990e-03,4.415700090543182160e-03,3.975004374190837034e-03,2.274581136631632222e-02,1.512893334318249523e-02
3.847444459647782287e-03,1.735231329632959006e-03,4.155262795090988552e-03,3.974407208691069747e-03,2.134703105566343809e-02,1.401162851708522873e-02
3.904825610150161521e-03,1.741929298793720151e-03,4.242637768835302338e-03,4.061497538978721747e-03,2.146247557740725218e-02,1.417752597026269643e-02
3.521516342022590514e-03,1.649961265433659780e-03,4.176537463726465345e-03,3.582132585364306530e-03,2.036038670854951188e-02,1.412129068506348846e-02
3.663195707559751407e-03,1.661244880942439311e-03,4.098813405223878520e-03,3.713402314369557491e-03,2.031588570562031446e-02,1.389422847392852989e-02
3.479351654417602024e-03,1.546851505058921463e-03,3.975411398960838200e-03,3.602775698900460843e-03,1.919307774881334402e-02,1.340495560609360724e-02
3.203763762816680578e-03,1.407280886894679344e-03,4.007888882343630700e-03,3.411239488915083270e-03,1.779563196802806668e-02,1.335918345614647666e-02
3.230214825601704972e-03,1.378231751257958347e-03,4.011812467649101752e-03,3.384660825972919673e-03,1.749949728820019562e-02,1.316697562874797993e-02
3.420495975602398306e-03,1.358888319871247264e-03,3.885033930859210435e-03,3.560402124781481426e-03,1.741838642875710372e-02,1.293463239301255452e-02
3.270065282412529944e-03,1.410801480539805803e-03,3.781356303598319268e-03,3.429103272863265588e-03,1.792658931730925845e-02,1.258124917829201925e-02
3.354211211452768227e-03,1.331978856517498358e-03,3.667193904966896574e-03,3.537434740625384263e-03,1.727251071739483237e-02,1.215395669616545216e-02
3.252212704820709593e-03,1.307761106184251445e-03,3.654973734080375208e-03,3.357985433490704667e-03,1.686164734306243654e-02,1.208590945550939988e-02
3.267706841360052371e-03,1.284703515899984945e-03,3.550076934371283136e-03,3.383487641951333797e-03,1.664016480778829354e-02,1.171639393767481135e-02
3.081467831955870575e-03,1.233931398803914115e-03,3.504213027459471708e-03,3.188778225643073855e-03,1.598770260275675370e-02,1.161439156635684852e-02
2.860215381949346436e-03,1.225628377364877068e-03,3.361316255820259117e-03,2.959256402347616548e-03,1.547304787176241765e-02,1.125138480280214390e-02
2.908412476481740325e-03,1.195645138167654139e-03,3.357318460689829361e-03,2.942504598567177894e-03,1.529658563751314961e-02,1.131154782953059518e-02
2.819239189930550747e-03,1.135411424783417875e-03,3.284212291290039294e-03,2.852189604584449110e-03,1.459181347529312639e-02,1.100529461229122867e-02
2.712255832739550281e-03,1.161329935863655675e-03,3.305926511050704189e-03,2.850587246939752847e-03,1.494920214441871308e-02,1.110040302001309015e-02
2.686636042351918472e-03,1.164911187090446896e-03,3.116954815253611052e-03,2.747577080518088036e-03,1.475163887382625015e-02,1.039883652961541907e-02
2.821906164219793473e-03,1.161575598478780834e-03,3.126029474569676312e-03,2.814379965063764245e-03,1.482142261100375183e-02,1.043883110713542811e-02
2.688431616779423782e-03,1.166088360779582011e-03,3.087134514086274911e-03,2.732546768475456640e-03,1.481693660421877327e-02,1.035820685483874667e-02
2.738800477955558813e-03,1.137578904974267599e-03,3.036572500619132489e-03,2.838004014828290813e-03,1.461704775019045943e-02,1.015962099354891270e-02
2.737036961452524349e-03,1.118305192055629206e-03,3.020270516965930380e-03,2.795363223414993464e-03,1.429080463226437177e-02,1.014446339526717429e-02
2.508541671782434351e-03,1.106550978807535439e-03,2.979199537381152247e-03,2.595933358323922104e-03,1.426294631042739590e-02,1.005705231337582044e-02
2.391667167904840737e-03,1.075719926948390161e-03,3.041530554237467307e-03,2.458902964795561374e-03,1.385999323505452026e-02,1.023009883739173925e-02
2.166404403812181422e-03,1.102630690727524282e-03,3.089207624483095941e-03,2.257807143796657437e-03,1.392593253337365625e-02,1.030790202686951949e-02
2.256409733512189375e-03,1.089660391562479597e-03,3.057037146255940814e-03,2.338644545652232998e-03,1.393207530082255473e-02,1.018294504255196943e-02
2.304913663579084924e-03,1.071230748265124396e-03,3.052736837654955286e-03,2.381151902721442056e-03,1.392753965496599036e-02,1.016376822478350268e-02
2.273625616643996320e-03,1.055034017510755916e-03,3.067385602712573156e-03,2.336076706673531622e-03,1.380639202370464481e-02,1.019519436869346408e-02
2.113017614625087824e-03,1.063992159335853255e-03,3.070000915480078710e-03,2.173457426673243778e-03,1.394811603180556685e-02,1.021942457897711751e-02
2.077444921937517987e-03,1.085997081588105850e-03,3.087348848887579329e-03,2.082397199110953140e-03,1.423580311934129899e-02,1.041916418227074870e-02
2.051484009896661735e-03,1.107750270421002875e-03,3.017849926742631819e-03,2.064008579703718611e-03,1.455508699340369097e-02,1.027584293267071874e-02
1.998124202695520952e-03,1.109020169645409106e-03,3.004218368132453246e-03,2.016275977267195218e-03,1.483263098313744588e-02,1.030683872202137544e-02
2.018746354403354835e-03,1.100686587005447097e-03,3.061905270444714982e-03,2.021781492944760370e-03,1.470433923876108585e-02,1.039851794882564427e-02
1.963206165054821265e-03,1.150829231342831091e-03,3.061278075819499726e-03,1.970066267469637502e-03,1.520854632592827903e-02,1.034684844360827735e-02
2.002052948930568930e-03,1.137166542597442456e-03,3.127993626551162434e-03,2.021756844157998698e-03,1.514381955313770685e-02,1.050790991196376249e-02
1.953665934808864694e-03,1.128477816677048813e-03,3.042027873855739604e-03,1.990587360729639994e-03,1.524019357907788891e-02,1.026894094484808589e-02
2.061196406880640240e-03,1.162532545850930186e-03,3.084019285094782327e-03,2.086620096791054306e-03,1.566222200517265739e-02,1.037123477587256759e-02
2.121955727702635585e-03,1.166651316565790611e-03,3.119311613994525841e-03,2.148522150404099697e-03,1.595124466853710052e-02,1.050693205063087804e-02
2.169938671916857385e-03,1.157405784695915473e-03,3.080737454783990040e-03,2.228414617612129583e-03,1.578364861860025517e-02,1.030548210308780688e-02
2.076159737201935945e-03,1.105488401055906324e-03,2.902061221302181492e-03,2.132372071497575221e-03,1.513151391678553039e-02,9.600607877828674919e-03
2.027321290787732332e-03,1.109080310960217997e-03,2.946258731340672260e-03,2.097416533034622901e-03,1.499687922592821653e-02,9.733588508101447684e-03
1.978692689781450485e-03,1.144756915270578974e-03,2.918711819883712619e-03,2.039696206949212238e-03,1.512874684899329254e-02,9.635019199185497832e-03
1.954364558332570383e-03,1.099230979667449462e-03,2.857993477281654815e-03,2.022590252168744544e-03,1.449410337431544966e-02,9.562433579406814585e-03
1.882067158182366799e-03,1.097929429327940479e-03,2.732049692674528261e-03,1.913316239230062818e-03,1.457444444752822171e-02,9.192939150949902549e-03
1.888601457455179374e-03,1.093306400849925353e-03,2.704220025654491787e-03,1.939813636775526056e-03,1.443380117675076291e-02,9.026941892490933719e-03
1.946791316756274872e-03,1.084988452549901687e-03,2.704889795548122856e-03,2.007893614761876132e-03,1.426921749568910332e-02,9.059107685285951519e-03
1.819241767831222953e-03,1.076613124456456561e-03,2.569591463178278259e-03,1.881074211368250967e-03,1.410685042335647725e-02,8.663028146328846310e-03
1.779394260231013285e-03,1.053286872924064262e-03,2.433596013424154693e-03,1.812201866938204214e-03,1.371679520239276265e-02,8.209876583005289510e-03
1.740264837758184703e-03,1.035941646370176425e-03,2.457271061100266361e-03,1.781820769005723832e-03,1.364119747493456811e-02,8.317451677619705150e-03
1.662273965753699369e-03,1.013419310859388139e-03,2.405062239619556747e-03,1.716173407920154777e-03,1.342440914666830770e-02,8.121672465765016752e-03
1.715353944645468592e-03,1.006519661753476225e-03,2.353468093603351685e-03,1.764910323861094803e-03,1.331447050694723952e-02,8.049219778305232581e-03
1.634478065483530463e-03,1.022987683742465148e-03,2.311931363706416255e-03,1.678755695728414640e-03,1.347805444854455713e-02,7.898508689356110654e-03
1.597957855241586428e-03,1.001332907525790154e-03,2.325580060265483844e-03,1.658986776096882387e-03,1.333686894058115635e-02,7.891506552669878133e-03
1.623518208243372426e-03,9.794626781791427889e-04,2.315397357127001003e-03,1.671445659942026075e-03,1.311264206927859402e-02,7.855112571099547025e-03
1.620452198111662365e-03,9.942586519507135012e-04,2.351917501896453894e-03,1.680285274634879403e-03,1.315247921984432147e-02,8.020112279554797094e-03
1.530235276005466978e-03,1.015704770920857402e-03,2.253867250082134364e-03,1.638312581195281847e-03,1.333136343847559843e-02,7.749843267310235762e-03
1.510316819192564089e-03,9.884727409560976983e-04,2.279643708762787210e-03,1.590184387174394670e-03,1.312544753747762333e-02,7.742206255816133642e-03
1.572914607611607639e-03,9.483874761177439432e-04,2.305923763755748836e-03,1.641831970442773079e-03,1.283968522935019507e-02,7.745421034017499484e-03
1.471645979372103322e-03,9.477462820302279094e-04,2.147589595464327247e-03,1.557605585336154430e-03,1.282593025310121808e-02,7.325854914162053047e-03
1.474366626479935811e-03,9.557808106382101364e-04,2.169982266110694231e-03,1.567634196567015961e-03,1.298587715918337465e-02,7.512547957212681142e-03
1.477873669937920234e-03,9.879201779732398655e-04,2.268246050175265656e-03,1.561124861447714699e-03,1.320337375880114433e-02,7.960931750138480062e-03
1.511173099111066563e-03,9.780333097889044956e-04,2.155253584456851175e-03,1.568428111944344385e-03,1.307860336197427115e-02,7.541432172428912985e-03
1.469619795409144499e-03,9.742132454042245343e-04,2.129894230083550968e-03,1.542925073638377843e-03,1.301447478877357927e-02,7.435031024433644276e-03
1.506709331098279826e-03,9.706329657291486949e-04,2.127337033162058147e-03,1.567266014582852822e-03,1.293665550122393912e-02,7.428221111947907150e-03
1.456597025363915625e-03,9.777147916438075521e-04,2.147817257407928521e-03,1.505453985927051718e-03,1.284982066054605326e-02,7.503972746933339211e-03
1.479654681720649284e-03,1.000747109283561982e-03,2.120893146472432270e-03,1.538173566917862582e-03,1.302278716922587037e-02,7.377142213667684835e-03
1.511648368953916015e-03,1.033530681179179421e-03,2.160251247798592594e-03,1.612282861265866172e-03,1.331143349340398879e-02,7.570651395959072244e-03
1.539245558908332876e-03,9.948437953264275754e-04,2.104623618977403098e-03,1.684281366343098364e-03,1.299121089867586419e-02,7.396317439673226989e-03
1.513229631057304335e-03,9.626358473606067999e-04,2.104338393410336728e-03,1.657666502000184174e-03,1.264831561434726775e-02,7.354456906792785492e-03
1.476617319277718360e-03,9.537132957509452400e-04,2.053524558450682113e-03,1.586765633354131474e-03,1.249508646123205849e-02,7.199386682596723395e-03
1.470525860140286991e-03,9.031211759794430423e-04,2.002303770687688996e-03,1.606574452527353199e-03,1.213393326055997937e-02,6.984703033693186354e-03
1.491637057078609501e-03,8.659956187036416423e-04,2.005934328417257814e-03,1.612566151701138586e-03,1.170072395121100201e-02,7.048263390489336103e-03
1.494213977055084937e-03,8.781979808187447391e-04,1.972298910713678882e-03,1.590396434082101641e-03,1.161918630631804221e-02,6.995007293190570914e-03
1.467717170605051897e-03,8.467030638243031298e-04,1.890630249065504680e-03,1.577037090777786430e-03,1.115408152236146630e-02,6.688189680655901199e-03
1.430317180177258273e-03,8.614025604354498284e-04,1.883223617412078336e-03,1.570820976583010538e-03,1.108465927504055822e-02,6.699111416709483541e-03
1.408643596989159500e-03,8.152528174431564927e-04,1.912641951909150326e-03,1.532752560596451711e-03,1.056169240754900769e-02,6.662457069810869860e-03
1.385778299698580676e-03,8.113077178851590228e-04,1.891457693172750570e-03,1.519480822809082940e-03,1.045236786105162817e-02,6.582104678052080708e-03
1.416788376904743081e-03,7.978705980913754735e-04,1.787214546918975246e-03,1.534120610327578986e-03,1.032707839203156168e-02,6.218181884802389051e-03
1.329111224798852284e-03,7.682701892609997097e-04,1.794388223472097440e-03,1.509154774221673715e-03,1.009057265463161185e-02,6.207466891802945752e-03
1.311332511135561299e-03,7.541006301815415596e-04,1.744424245154798216e-03,1.477084422267230333e-03,9.930837085484107291e-03,6.006807195315307622e-03
1.274994318023814528e-03,7.552631535887667545e-04,1.743861653373431943e-03,1.418448275852847180e-03,9.893209842452278108e-03,5.951596045510523271e-03
1.200196507640605061e-03,7.480379330926464508e-04,1.713891874590635963e-03,1.372288832649312933e-03,9.785300418492327845e-03,5.893521356777529051e-03
1.286770999283587315e-03,7.234734527598631060e-04,1.648992632518911329e-03,1.388951843491626403e-03,9.464165087716929284e-03,5.638901819724283226e-03
1.338243244656599912e-03,6.964757546617990911e-04,1.650060354234885200e-03,1.426431543372996911e-03,9.210342894231313832e-03,5.597128530659629779e-03
1.362396125438263168e-03,7.081943122895129235e-04,1.656401821563307022e-03,1.451448935401092235e-03,9.299254520878111330e-03,5.673069633226010891e-03
1.312721737022495101e-03,7.029857829983310411e-04,1.667645371558176956e-03,1.438317234306245350e-03,9.224507732633214357e-03,5.711334851803846410e-03
1.292783956593506704e-03,6.877125205934682276e-04,1.627889040702570206e-03,1.379125154571312056e-03,9.014028141829935267e-03,5.625170588066906452e-03
1.294918482627731337e-03,6.851775982504974567e-04,1.547627248953511005e-03,1.439484107415216685e-03,8.994001389483401859e-03,5.380383393491713039e-03
1.287791506827221403e-03,6.905629851026917274e-04,1.488191531270003721e-03,1.454706155820864296e-03,8.977698920692413903e-03,5.153944645136283517e-03
