9.692562578840779874e-01,2.066807325920245741e-01,2.710977245260124402e-01,9.386719422205462848e-01,2.595008103504309105e+00,9.331745932473803906e-01
5.732256825831598679e-01,9.400672915750545033e-02,2.962156526278817426e-01,5.783119480744345342e-01,1.167000645915842849e+00,9.496607214396841634e-01
3.588177448742678188e-01,8.187352557896342142e-02,2.693323088014966671e-01,3.786540061065628016e-01,9.949118041134741297e-01,8.592155147643929514e-01
2.643725226173144205e-01,7.549715924428836156e-02,2.304441786897070410e-01,2.827652981450097247e-01,9.334226210921701128e-01,7.344933864370704057e-01
1.788524562003523388e-01,7.249140681384225182e-02,2.113738639767114291e-01,1.946704904181086326e-01,8.604259476391169503e-01,6.749017963276824350e-01
8.393862937570159555e-02,4.208135206216099405e-02,9.254775418885921590e-02,9.652513991040251318e-02,5.275230604181904148e-01,3.653526469843800251e-01
6.025625359968748984e-02,3.790205643154866827e-02,6.135357055751170657e-02,8.004568790593397098e-02,5.214717566712494534e-01,2.871669983604192011e-01
5.796545980475964477e-02,3.701971504077970071e-02,5.768315887098456052e-02,7.837443380419978345e-02,5.273636228943495707e-01,2.745909164619947940e-01
6.066329096297619350e-02,3.348870900673379947e-02,6.127299983413282691e-02,7.812664758456076830e-02,4.812136479487842955e-01,2.724588076382365442e-01
5.846052394005532560e-02,3.122630055265905244e-02,5.933258592074502208e-02,7.614966971923389782e-02,4.457015687456328257e-01,2.644868727238233186e-01
5.666618510384519025e-02,3.128747971871450456e-02,6.213612160222503622e-02,7.358319278588247581e-02,4.414072154638311596e-01,2.645066118894481844e-01
5.241688380066890363e-02,2.765808172349761701e-02,6.044401710896569330e-02,7.010559538040680994e-02,4.135989629509881360e-01,2.559654239417326060e-01
5.585486763864585397e-02,2.736716557391177460e-02,5.964999368428973436e-02,7.008658168150182222e-02,3.945783855739753432e-01,2.532534375429428275e-01
6.648074619124902385e-02,3.034567897621191085e-02,5.905276287259977192e-02,7.531324294152924592e-02,4.081845391428281511e-01,2.482956708506986188e-01
6.289274346739434640e-02,2.822224121005647776e-02,6.010610715898580952e-02,7.175566067335802101e-02,3.833024238214545742e-01,2.467654986834147968e-01
6.114057593554751702e-02,2.846666473223764468e-02,5.931623286177166443e-02,6.820383291260528891e-02,3.691799598603047738e-01,2.393244956242459864e-01
5.501329690195681105e-02,2.738645406542390345e-02,5.502967939987471468e-02,6.205327537727661075e-02,3.513123283641322869e-01,2.271411341519581628e-01
4.726921136096309817e-02,2.404727315188325693e-02,4.774249891361811299e-02,5.607161925525428608e-02,3.168399552348813986e-01,2.055835243959204250e-01
4.695033156479806735e-02,2.420299370452072552e-02,4.596123088620759217e-02,5.474709397051903681e-02,3.051899722590808439e-01,2.028316670062269844e-01
4.939775802209449979e-02,2.325704480479888481e-02,4.689201563775565601e-02,5.569660144569511806e-02,2.965443600163342186e-01,2.060749353409842832e-01
4.791601546871061129e-02,2.492780111344337565e-02,4.653912777249677446e-02,5.444403417904973563e-02,3.201738618214715060e-01,2.048937602239372657e-01
4.414441181247183432e-02,2.451435739170846478e-02,4.422415828863071607e-02,5.175669145517863140e-02,3.169862013434960324e-01,1.981156189017084512e-01
4.260499399536632481e-02,2.378874343222629056e-02,4.239088724869061187e-02,5.028941446485120370e-02,3.135820028658904413e-01,1.928522544021635254e-01
4.220998777707322264e-02,2.300390095642482896e-02,4.256751338825188330e-02,4.999914116316833690e-02,3.074562262945089164e-01,1.934735659800276286e-01
4.172171484628767885e-02,2.132415878807178075e-02,4.325164222002346459e-02,4.958731204535822557e-02,2.917144155478779144e-01,1.953706249299732578e-01
3.816775029956100129e-02,2.018387247384448649e-02,4.165272464702269445e-02,4.671450774767588188e-02,2.806045335966591003e-01,1.900320668698069204e-01
4.128928494969036356e-02,2.021955571591526127e-02,4.121829767763056374e-02,4.873910378808538751e-02,2.786896214587771259e-01,1.900453947437846791e-01
3.897056014293466542e-02,2.006339558397959161e-02,4.268551382506948627e-02,4.714673760145873804e-02,2.804978380538398763e-01,1.927114536087569663e-01
3.550315864880078387e-02,2.011268648944823656e-02,4.325965128427022161e-02,4.481903781986328050e-02,2.762142127160556182e-01,1.940575038750252113e-01
3.580647673232802142e-02,2.063546672381187316e-02,4.366496654836762165e-02,4.492508025685060247e-02,2.801411869365123541e-01,1.949578806211474669e-01
3.454952900488857809e-02,2.109912705463257848e-02,4.210642189801078877e-02,4.408800063749278991e-02,2.849099432130353104e-01,1.907242940664024555e-01
3.468260584625035975e-02,2.129005733091976493e-02,4.251101996520716825e-02,4.424987480152141328e-02,2.869510535114818683e-01,1.901062758035050593e-01
3.348354224118696432e-02,2.150507300762142388e-02,4.108860853910054761e-02,4.320081915531547023e-02,2.889960262926369317e-01,1.861717672136804502e-01
3.260006823594309433e-02,2.058637697415174536e-02,3.880021509502424443e-02,4.215668598348080304e-02,2.790138945875468290e-01,1.817162005206270914e-01
3.214739782735799578e-02,2.028700794838628543e-02,3.994185438167226904e-02,4.193438194356083337e-02,2.733200197795178088e-01,1.837730822115261897e-01
3.189161762479727352e-02,1.968727408683398558e-02,4.071193351195145221e-02,4.157705507180663868e-02,2.657551564505107322e-01,1.846266448821276551e-01
3.078671607402653360e-02,1.920825916038968600e-02,4.028627607091452012e-02,4.050401367492828530e-02,2.621070409865464690e-01,1.826993890049892488e-01
3.034990567078242607e-02,1.923287005851678777e-02,3.967213841960270937e-02,4.008715144707921535e-02,2.634196962905159811e-01,1.815285144342005941e-01
3.080830157565312560e-02,1.896920893055611956e-02,4.012893149636641982e-02,3.982672400875277019e-02,2.595545379045677281e-01,1.829077590576645984e-01
2.921079202350060355e-02,1.950341369052126586e-02,3.887839563754415945e-02,3.920788669402242022e-02,2.688285833124178237e-01,1.776968105450232038e-01
2.903875007850168638e-02,2.028823968279382800e-02,4.071556173204223666e-02,3.919204783921396290e-02,2.747477440064809429e-01,1.801688645444265713e-01
2.870824365590263563e-02,2.073290275446811395e-02,4.076517082751199977e-02,3.875355971429912671e-02,2.761839625737443349e-01,1.794172529308423192e-01
2.712114711630209812e-02,2.031025247369309950e-02,3.948983461105223108e-02,3.798115987008666289e-02,2.717104149594796181e-01,1.763327341083214816e-01
2.825093684621658718e-02,1.954869196254148400e-02,3.877152592122999619e-02,3.872072830600734733e-02,2.653312263088499767e-01,1.742755069603257601e-01
2.834085653666742338e-02,1.975127217801268126e-02,3.867329738026679953e-02,3.930504177636063440e-02,2.678614837258733727e-01,1.751058975456493694e-01
2.776346404206191110e-02,1.969354318684981425e-02,3.804120435543790341e-02,3.897303803893031882e-02,2.675348970363281564e-01,1.724139820038927129e-01
2.900878327443637619e-02,2.047898190404596683e-02,3.872576759887728926e-02,3.958675115225660651e-02,2.744567570070364226e-01,1.745228477609136741e-01
2.986722150050746469e-02,2.007021295953251641e-02,3.969271852032275893e-02,3.953108693050689376e-02,2.676405836317010123e-01,1.771023594613651275e-01
3.013276081486137084e-02,1.952174880966884088e-02,4.007003274963340245e-02,3.961094190536141452e-02,2.608531921954150290e-01,1.783781221183415033e-01
2.873202750208981790e-02,1.902937653957439967e-02,3.887225422530340979e-02,3.870562004247857235e-02,2.577128498421643044e-01,1.746191606963539422e-01
2.863113821511824308e-02,1.863608263402023735e-02,3.773621951514596201e-02,3.882605732329885706e-02,2.530795027712142709e-01,1.720236793203360481e-01
2.786785263321324771e-02,1.854940817891164231e-02,3.759109774538117038e-02,3.846681904099800986e-02,2.509481120451353964e-01,1.702061193533861982e-01
2.892354787156868959e-02,1.825127637258555993e-02,3.779722411585006298e-02,3.898448794993424754e-02,2.500174114653266888e-01,1.705078785101435401e-01
2.724965716103476543e-02,1.772935159158068805e-02,3.779775682988300439e-02,3.793226413999099128e-02,2.445740839223096152e-01,1.707165445632919665e-01
2.628371212012579547e-02,1.829178972789359189e-02,3.696179415837344551e-02,3.754044291252263410e-02,2.499173330140397886e-01,1.688214171541640163e-01
2.643713353454638093e-02,1.786723526463742870e-02,3.718974407240553670e-02,3.747128562234056798e-02,2.468389644367467717e-01,1.684227311402689831e-01
2.673700891859345438e-02,1.780357922782752414e-02,3.739404082828970410e-02,3.773081718203968177e-02,2.465553275639254249e-01,1.697110642492008492e-01
2.667323907485035644e-02,1.795926292604798497e-02,3.699119355523942942e-02,3.796151891960583558e-02,2.469108525670543342e-01,1.691910754984679299e-01
2.683161234360488187e-02,1.798207353527676855e-02,3.664975298595322950e-02,3.789930186975234983e-02,2.466704006863910947e-01,1.675165899789302082e-01
2.741119815122060668e-02,1.765502641362366384e-02,3.577360825643660647e-02,3.851082333649070294e-02,2.426236414481956205e-01,1.658743112264437491e-01
2.662268663950594430e-02,1.714742754480420850e-02,3.524375097763964709e-02,3.763638239126419760e-02,2.376399476965419533e-01,1.641457115993722182e-01
2.667057083611119178e-02,1.818314865927826360e-02,3.505524558076852232e-02,3.770056925701779221e-02,2.461651298175021874e-01,1.639592755720708783e-01
2.754050989367728616e-02,1.785642033565975825e-02,3.628062543420475933e-02,3.796116788607993564e-02,2.425549416928283186e-01,1.661244726564004848e-01
2.842652997187525288e-02,1.837598375875586568e-02,3.600235469214467521e-02,3.867925458060940402e-02,2.458707908296907385e-01,1.649666472838318132e-01
2.898983024367935216e-02,1.822042127138522732e-02,3.532388072959256192e-02,3.880737569087366889e-02,2.448959420405515397e-01,1.631380265606568736e-01
2.929091183810478630e-02,1.792789720872923348e-02,3.530508877213756058e-02,3.894131411764453071e-02,2.407816658111427699e-01,1.633299521220032136e-01
2.782766779861554560e-02,1.761879962791252502e-02,3.618760838672320512e-02,3.781149377699361686e-02,2.368965921288420651e-01,1.638729749288767301e-01
3.112441980084295137e-02,1.766948517823626122e-02,3.646016858132734156e-02,3.994271471975557875e-02,2.370484561908379195e-01,1.652040312865906968e-01
3.122559750174834850e-02,1.745919261402577999e-02,3.698605126432484569e-02,4.024326412603382308e-02,2.347370916939607588e-01,1.676180614269500713e-01
3.104155803488177837e-02,1.738074609819105498e-02,3.745923580037834738e-02,3.997536934004881221e-02,2.346667441632164786e-01,1.698092585594553616e-01
3.177847181827687245e-02,1.747308964936231460e-02,3.750784058250566239e-02,4.016805428398798755e-02,2.361404464240453582e-01,1.690369950317509584e-01
3.070977127964680600e-02,1.735716061762804241e-02,3.624237661233747909e-02,3.935890968872411688e-02,2.352005136019418019e-01,1.655867379919802040e-01
2.945015130314395865e-02,1.704738630354683468e-02,3.604003718424150099e-02,3.863966120482235228e-02,2.326812084019922455e-01,1.646811196092989593e-01
2.895426324484932923e-02,1.699357734574960879e-02,3.573238176248944714e-02,3.817143361324944889e-02,2.298275795336870431e-01,1.630480801628230170e-01
2.855094852415993381e-02,1.701798501420698218e-02,3.542438761014815585e-02,3.753052494193032801e-02,2.316317557919553849e-01,1.608683159965335341e-01
3.122720466164556619e-02,1.641241835142281599e-02,3.560801497993952569e-02,3.933182595791372138e-02,2.264244947125799434e-01,1.601943492519376233e-01
2.945412879573068923e-02,1.660604161579272778e-02,3.645441451377483266e-02,3.795652235081280190e-02,2.291539870681889857e-01,1.622921210648140544e-01
2.912657452000760178e-02,1.597640516346854681e-02,3.636401996991434071e-02,3.742816738518094100e-02,2.236879036598899140e-01,1.624337638830036790e-01
2.965598450746294995e-02,1.592528663859820934e-02,3.571570735790945139e-02,3.768102387744853149e-02,2.220388554214370036e-01,1.610246662838958065e-01
2.918577178914990092e-02,1.572393831182195001e-02,3.587556012253063920e-02,3.719469629505386954e-02,2.199895190655281052e-01,1.616095886478370325e-01
2.830506177841464119e-02,1.589111999773264519e-02,3.557116178360138214e-02,3.648633735813523737e-02,2.198122060333350947e-01,1.605899689701948130e-01
2.923142245998445327e-02,1.608180175557912678e-02,3.564840725930359250e-02,3.733217382558030178e-02,2.223416930036290484e-01,1.604887059473333044e-01
2.748734638689394327e-02,1.555015083559365199e-02,3.537498141031472643e-02,3.583170391624985324e-02,2.170606559732636553e-01,1.593470641430030366e-01
2.984821754942291669e-02,1.534374123326561791e-02,3.538545461154368743e-02,3.730791714449255975e-02,2.166745906059984461e-01,1.587772348001290357e-01
2.803840295511126832e-02,1.499356710851402867e-02,3.543926467186817031e-02,3.571020412964354129e-02,2.136399891162925335e-01,1.587422851261560963e-01
2.815066264899815027e-02,1.486258315809536358e-02,3.474789125764739250e-02,3.590031708299977475e-02,2.132329522796325982e-01,1.563146117670202728e-01
2.665631054506671302e-02,1.429261145317085695e-02,3.376739137224438886e-02,3.440524603129344050e-02,2.058102650521119736e-01,1.530191844694051562e-01
2.745167403245753202e-02,1.375645461871082172e-02,3.338535158423241306e-02,3.462733283510328192e-02,1.996864623724370624e-01,1.519350401389114036e-01
2.801474489574229745e-02,1.345263050053868009e-02,3.206761589810751961e-02,3.473924881259640024e-02,1.950019464264591551e-01,1.475133416688804155e-01
2.927928163939855569e-02,1.366798861839380735e-02,3.272631099623922457e-02,3.554324412752234846e-02,1.976245783772145881e-01,1.480709584145493973e-01
2.879725289548809922e-02,1.350427138798902978e-02,3.199257478280439354e-02,3.479704468580112342e-02,1.954854666603614288e-01,1.462511309687938021e-01
2.811481469410650677e-02,1.399194229721114832e-02,3.207405714449707707e-02,3.431371921455339535e-02,2.000603322211208235e-01,1.457540337304940592e-01
2.976109201933787793e-02,1.439578395216804807e-02,3.167567147686971285e-02,3.558316778988118018e-02,2.026124075803352742e-01,1.444060895626959051e-01
2.850776128084904840e-02,1.462303846927628416e-02,3.219236890297051679e-02,3.451582602330432320e-02,2.039665507891752494e-01,1.446518561515311163e-01
2.740828572207194141e-02,1.434482149151756689e-02,3.263642241086427837e-02,3.358184534075779604e-02,1.995307635841706839e-01,1.450836626770808935e-01
2.731840086729289338e-02,1.386626722590103729e-02,3.188433918133493777e-02,3.313793430764389730e-02,1.928061302576423441e-01,1.426349826688335376e-01
2.616745085642056129e-02,1.329370102538367411e-02,3.225492510110297001e-02,3.220565922976044437e-02,1.883939332821018275e-01,1.432351793759648328e-01
2.472620587973855047e-02,1.281488765747565081e-02,3.099858873573392223e-02,3.154018138328121279e-02,1.845476590590464649e-01,1.401650840332512582e-01
2.382714303438280071e-02,1.243290260441440309e-02,3.050166215708596806e-02,3.083235706111347313e-02,1.781643354634982745e-01,1.375676465489435729e-01
2.433966010139543973e-02,1.284288888446973032e-02,3.109320101226777100e-02,3.084200015002693321e-02,1.792508387207541465e-01,1.380785668721624670e-01
2.397253954177757523e-02,1.282636682733455900e-02,3.041752623873935149e-02,3.055612165506877212e-02,1.808427238709248430e-01,1.356126825388018486e-01
2.383430963807718975e-02,1.270920528073004804e-02,2.988557851671195045e-02,3.020826782226201934e-02,1.806140008763141569e-01,1.333921394505011293e-01
2.469277310721692403e-02,1.251395029638366352e-02,2.983414170632693596e-02,3.060862038463075391e-02,1.788105970336187067e-01,1.331020349715255902e-01
2.621270295329626229e-02,1.226636918825292633e-02,3.036949669605371049e-02,3.186560600430098089e-02,1.744001323730552389e-01,1.355986074763887994e-01
2.644672167119961614e-02,1.221198196387934982e-02,2.987015090206333531e-02,3.208313078442708022e-02,1.746054635548824896e-01,1.341297426532877812e-01
2.702337018032380939e-02,1.224153612377508818e-02,3.113460881769679681e-02,3.239327705350379671e-02,1.737437379472577814e-01,1.373031375493138917e-01
2.717223970843156769e-02,1.213882666592268171e-02,3.028837780312035322e-02,3.251482547057661654e-02,1.687817603156618884e-01,1.343346804547584650e-01
2.639718496773623899e-02,1.185868153951862534e-02,2.973074405594542183e-02,3.186332820051260284e-02,1.654093513176375374e-01,1.317245292262117506e-01
2.500813951300862731e-02,1.160540303715127883e-02,2.908335012682947487e-02,3.089213020145657046e-02,1.630521217049048233e-01,1.287925999539605293e-01
2.402662268466377107e-02,1.143678969125699017e-02,2.863586143520975569e-02,2.997350643387286864e-02,1.598730483724527529e-01,1.267673996597982744e-01
2.499456196496466914e-02,1.151333227798168914e-02,2.881410259492354214e-02,3.078648600892551837e-02,1.618859706185259983e-01,1.276412338125930412e-01
2.596032748761832598e-02,1.177001733221976279e-02,2.838733708165563571e-02,3.147477802191781665e-02,1.628889510862775170e-01,1.265724545320245920e-01
2.534496525058211464e-02,1.191533813625896346e-02,2.782242854109401309e-02,3.084024867914751666e-02,1.646133930043331417e-01,1.236234482755367431e-01
2.545902885627675249e-02,1.168190320976797598e-02,2.705854955522914509e-02,3.098115947901487754e-02,1.618916483000635564e-01,1.215759931314818881e-01
2.534234113274454886e-02,1.158818184291642538e-02,2.699228726958257871e-02,3.093157983504407280e-02,1.612861267637757945e-01,1.213135773572746323e-01
2.670142913382218125e-02,1.190226499782327980e-02,2.729827181095761945e-02,3.201495339448431898e-02,1.647336658772128315e-01,1.219761689779357006e-01
2.583901428141507570e-02,1.219167500155609804e-02,2.740447498440635662e-02,3.095748262344226800e-02,1.676241280389048627e-01,1.216008187535980722e-01
2.717303992686001882e-02,1.253708947390734692e-02,2.673855847752367940e-02,3.204854407918976411e-02,1.698634645672029986e-01,1.187414416980293319e-01
2.779515297600661933e-02,1.240330853393069137e-02,2.769315745834781406e-02,3.247324572061559278e-02,1.681184418897725685e-01,1.211313956550596621e-01
2.596940504457087920e-02,1.185418756504905656e-02,2.717181737060671634e-02,3.070905357087773749e-02,1.634373684677886407e-01,1.184363933455487572e-01
2.654665676472995478e-02,1.156582255066544544e-02,2.669501633129400461e-02,3.100082322306811633e-02,1.608924757256211813e-01,1.168386145515811769e-01
2.483785227809622714e-02,1.096879437380323709e-02,2.645147380150985467e-02,2.978585809352459271e-02,1.550703409516803744e-01,1.153925725083360526e-01
2.358114424129852116e-02,1.080672933081264393e-02,2.677000189652234755e-02,2.864023793306222712e-02,1.533033537464268126e-01,1.168678223050879234e-01
2.223244866548083204e-02,1.099449179222921139e-02,2.556641820950843538e-02,2.782613242147684990e-02,1.544249222531778598e-01,1.131732239122461847e-01
2.156569786832291530e-02,1.139485027002306097e-02,2.463821213349681738e-02,2.721768279090995904e-02,1.574003890727320165e-01,1.106477774416234489e-01
2.267478995306235548e-02,1.167826587817493399e-02,2.595997963212171716e-02,2.784645956587694995e-02,1.594526918469870436e-01,1.140258368077564227e-01
2.359508530627543385e-02,1.134678174386569149e-02,2.539378302194269729e-02,2.851522655686313662e-02,1.572066356248106589e-01,1.122383270500731944e-01
2.082669989345375949e-02,1.114723289043957101e-02,2.530503202311463681e-02,2.663971720370371388e-02,1.545933774156965645e-01,1.118313712437129237e-01
2.047183391180225007e-02,1.145600997314229902e-02,2.554396905503846654e-02,2.608450453866553373e-02,1.570542994591367092e-01,1.136691350648315613e-01
2.191406285915943955e-02,1.186444065198820341e-02,2.545373391032590069e-02,2.674491408757960487e-02,1.593307086192441990e-01,1.124574073424921133e-01
2.350760860073857275e-02,1.214629512118909314e-02,2.599278483442541907e-02,2.784732014702704511e-02,1.622825985022057216e-01,1.142418765942015274e-01
2.353829761128497372e-02,1.191948979685212087e-02,2.506097490030242611e-02,2.807837361972319312e-02,1.597144523868493093e-01,1.114529824088334453e-01
2.367228850954987418e-02,1.192993628678267262e-02,2.474017237918618717e-02,2.824544429214339777e-02,1.612213938371190591e-01,1.096659588293276283e-01
2.232162694689778307e-02,1.143031708317984209e-02,2.316240465557600423e-02,2.709919800484480307e-02,1.572451186153881186e-01,1.046804504601516889e-01
2.195015005632173014e-02,1.154547667406179146e-02,2.311713629580969612e-02,2.694106743926572012e-02,1.590635613658677727e-01,1.044166966435945976e-01
1.998838765457643107e-02,1.186517325480928448e-02,2.187200363185912849e-02,2.514335808968248820e-02,1.606217652033155030e-01,9.996985748471062805e-02
2.144406735635444664e-02,1.208424226592729432e-02,2.104761744100962922e-02,2.643598955501751113e-02,1.599714981645494194e-01,9.758798988534400642e-02
2.031343218973201067e-02,1.122597077313620614e-02,2.059235469414268799e-02,2.541432730576259277e-02,1.520687612162672508e-01,9.465548565073565734e-02
1.998630100114252156e-02,1.060632237474638806e-02,2.113610184492964797e-02,2.519334066844880135e-02,1.458963812219663536e-01,9.529498393518240351e-02
2.018882179369127158e-02,1.037793523703349832e-02,2.005806222040595541e-02,2.535961929715368005e-02,1.432730974437678162e-01,9.121208782850323549e-02
1.950927834048393761e-02,1.012555629411246438e-02,1.966032772169496595e-02,2.473686784246962797e-02,1.426001250811352594e-01,9.144396844674489155e-02
1.936819378575763487e-02,9.957684310522360929e-03,1.972459741251529272e-02,2.454550362546729231e-02,1.400445108576127695e-01,9.065432103131251806e-02
1.994340677908904014e-02,9.872701232222119358e-03,1.835067785853598116e-02,2.470941318252314889e-02,1.409586625198282206e-01,8.769711272127292401e-02
2.148399739733822603e-02,9.825409450624872712e-03,1.999575620543492249e-02,2.553484762741151798e-02,1.416301236244660866e-01,8.996240866678273385e-02
2.200865467397217223e-02,1.005951842145065729e-02,1.941973201211929373e-02,2.587317480115899557e-02,1.418153416640669240e-01,8.938450005703403589e-02
2.123151084064747382e-02,1.028044167589206928e-02,1.879013765421093038e-02,2.542849168148723915e-02,1.429352367647694910e-01,8.794044333196041063e-02
2.156029443102163573e-02,1.032018012638998006e-02,1.924792788374475941e-02,2.563970596671781912e-02,1.434722290645980280e-01,8.840779673778614844e-02
2.226015841797198899e-02,1.062804175123416642e-02,1.980060408890044893e-02,2.633288695058998499e-02,1.459690578539564187e-01,8.965559831022362758e-02
2.402423195173496520e-02,1.115006854293611183e-02,1.981418440054540445e-02,2.780864244941706406e-02,1.497329219112990273e-01,8.956911797359899674e-02
2.276532580298293307e-02,1.127738446053522248e-02,1.894321057066035777e-02,2.657724588995149725e-02,1.508105995850753944e-01,8.535443723782611125e-02
2.199088177006265285e-02,1.137069888199112797e-02,1.819261756361945440e-02,2.553857485968579616e-02,1.496545517341608122e-01,8.269412921815302853e-02
2.082085350822758182e-02,1.162385372849835188e-02,1.686530513538967227e-02,2.467492240002051168e-02,1.532993006448053197e-01,7.949095827205171494e-02
2.173727490352430486e-02,1.212251276277232469e-02,1.676780807981824786e-02,2.538594767033431829e-02,1.588674719602830854e-01,7.952933205586104615e-02
2.172374048224244916e-02,1.250871903488126081e-02,1.697638976596560489e-02,2.486944863269336184e-02,1.628688843165209954e-01,7.836384591578117453e-02
2.298012189767481214e-02,1.254249488593636892e-02,1.699074150806041683e-02,2.607588426673696988e-02,1.635552753256877823e-01,7.657253306968038464e-02
2.365399212623671421e-02,1.284280686450420955e-02,1.626731279639920952e-02,2.667258177914054451e-02,1.648078584169704597e-01,7.406483664567220515e-02
2.299915151166831428e-02,1.273841724933379334e-02,1.695406196954495764e-02,2.589427328122981958e-02,1.620358408234967573e-01,7.396182185389105213e-02
2.144592130413764189e-02,1.276798347869180852e-02,1.742331025174482725e-02,2.454160277492266340e-02,1.616739282112672205e-01,7.495684786494480334e-02
2.173963055914829995e-02,1.214200360906538163e-02,1.619105228625172463e-02,2.464900239437782872e-02,1.556725812079839399e-01,7.133578578115438995e-02
2.266527527870753830e-02,1.195100635128623287e-02,1.634744518736902866e-02,2.512636563905060877e-02,1.538004028863089734e-01,7.094779645152821113e-02
2.373354059717707951e-02,1.205406434153510203e-02,1.571709248105052428e-02,2.613120180612133955e-02,1.547097491364091415e-01,6.862324771924045719e-02
2.339957809114288911e-02,1.243490518196092159e-02,1.589748221047841345e-02,2.599019728842936680e-02,1.567536955016343991e-01,6.913495442205883079e-02
2.236457375837074338e-02,1.278603614823747153e-02,1.579506263119002246e-02,2.475857670175130379e-02,1.589959986902073352e-01,6.807322892415251792e-02
2.285839375868226747e-02,1.281207325339187020e-02,1.509265264238314301e-02,2.497489907886280003e-02,1.592222978190713789e-01,6.719354096237833973e-02
2.452198680533868719e-02,1.257826328728281484e-02,1.532130594263952927e-02,2.671940742860429152e-02,1.582873744553998652e-01,6.847870550666072809e-02
2.300666450818992376e-02,1.212645304105170775e-02,1.536406677851843809e-02,2.508432810134934507e-02,1.547376641190976732e-01,6.720981332841419187e-02
2.319787864175374900e-02,1.232530853276021278e-02,1.539794888714990026e-02,2.530197390287976592e-02,1.568280285411195740e-01,6.556695824099061098e-02
2.231869041328930076e-02,1.285228784346361362e-02,1.677705104235354891e-02,2.465884524830383451e-02,1.615757628794145251e-01,6.753581121715883373e-02
2.305128633236556285e-02,1.278781274743052108e-02,1.576926009884252466e-02,2.524699255655987046e-02,1.605926006522684357e-01,6.443536985727621458e-02
2.298632667215296660e-02,1.279721445329001089e-02,1.634915294137244748e-02,2.527176013428891407e-02,1.612299247608819652e-01,6.518380018463890146e-02
2.530457534137757827e-02,1.300309625604070818e-02,1.638479075686717981e-02,2.712922054395069602e-02,1.625668627236952213e-01,6.462584717386574140e-02
2.202280554085384728e-02,1.301331155613448184e-02,1.477236419026994006e-02,2.437867048805961168e-02,1.630747537620442222e-01,6.033166969367271398e-02
2.302976156701114566e-02,1.299569244902213858e-02,1.498636194856367218e-02,2.500179877838651712e-02,1.630779840218567756e-01,6.141552356438450405e-02
2.253700671252287929e-02,1.320622867889107918e-02,1.404754546372758393e-02,2.446499720104031855e-02,1.663279573003426381e-01,5.932944740689662794e-02
2.339586514812150297e-02,1.292078221999226444e-02,1.360563730724479933e-02,2.510736542951822609e-02,1.639058468935281621e-01,5.807892098575238166e-02
2.468921030929918312e-02,1.290158576134985829e-02,1.451937725172947405e-02,2.643807494675259884e-02,1.628191659731964835e-01,5.914689466032115733e-02
2.471564183570736789e-02,1.274031886129103550e-02,1.473524986975139305e-02,2.662605397673866239e-02,1.618154826886427922e-01,5.880570738688750687e-02
2.615460335707473979e-02,1.261533714771176026e-02,1.521573138065963719e-02,2.779014379324450806e-02,1.592830023584003718e-01,5.983903043240586944e-02
2.624010644811177254e-02,1.308012606318483852e-02,1.566015236454513376e-02,2.783294465453122965e-02,1.634470427658888947e-01,6.051266780575131204e-02
2.449718525669982230e-02,1.316125585037121980e-02,1.579527649478389487e-02,2.644619168467410644e-02,1.637680703796303705e-01,6.025273948969592924e-02
2.292993447555658620e-02,1.270689458103179195e-02,1.635343160359602893e-02,2.488417225630903951e-02,1.587521225291469440e-01,6.141291288571965046e-02
2.145538818916200782e-02,1.238317739624754214e-02,1.667922106461487697e-02,2.375892771923467095e-02,1.550078839497035788e-01,6.180728471268692042e-02
2.067518214246279531e-02,1.240524273557217817e-02,1.548696442638793948e-02,2.301743042634526309e-02,1.543590281989342672e-01,5.795193760458298288e-02
2.036557581341129700e-02,1.217854319074946484e-02,1.547686338515509054e-02,2.209727770165957270e-02,1.512235430126850078e-01,5.805394534689665292e-02
2.028395102380530987e-02,1.221046908175611213e-02,1.556532950992970538e-02,2.215774677607520310e-02,1.506728852254015927e-01,5.859923359880647026e-02
2.173949098612856790e-02,1.175924968302917428e-02,1.458701895381175374e-02,2.438911042753805908e-02,1.458521163780090446e-01,5.550010720534351294e-02
2.240260741686450272e-02,1.170380419624336005e-02,1.482564147230650865e-02,2.445429405472578435e-02,1.461452180678636248e-01,5.622165095207840718e-02
2.120469202492628047e-02,1.189283961147325798e-02,1.416599183540710911e-02,2.372329660512841401e-02,1.468822778644602312e-01,5.383671767187846874e-02
2.019494271145896164e-02,1.166824796055629214e-02,1.462565203681738535e-02,2.310687553588364543e-02,1.436680307115815458e-01,5.494694742177808761e-02
2.040265105755723757e-02,1.163410825858126815e-02,1.487698354565682515e-02,2.307341445478372846e-02,1.425656477704331793e-01,5.549748100708130211e-02
2.114401585786029533e-02,1.126788163420851079e-02,1.468207841950558076e-02,2.383993118715197618e-02,1.387295043969772046e-01,5.477523976502534503e-02
2.081025207043425002e-02,1.103090309309713753e-02,1.494041063546392226e-02,2.307958552958058393e-02,1.361987209676956689e-01,5.506200581465670041e-02
2.078463201112352304e-02,1.077722539834078709e-02,1.517665552783004773e-02,2.293102749435829008e-02,1.337077480731898860e-01,5.579099566123569415e-02
2.141319182657360279e-02,1.056584580259315592e-02,1.517463212343508373e-02,2.353550145676612873e-02,1.318176884315766517e-01,5.595721609223026916e-02
2.190313087936546568e-02,1.049230968546561830e-02,1.476133048429686262e-02,2.404808605354280190e-02,1.312200263929464150e-01,5.491965124755041755e-02
2.301360325635580864e-02,1.026448093379792904e-02,1.603667688819681442e-02,2.512942082712367464e-02,1.287939443909112414e-01,5.798300337185263720e-02
2.206231545549296874e-02,1.025350602096787404e-02,1.626233831130155169e-02,2.424989454833041333e-02,1.298111464122508329e-01,5.879451357662988237e-02
2.163213228766079979e-02,1.021491490751671484e-02,1.619814912698088610e-02,2.375190628295155079e-02,1.293819401470733266e-01,5.809249250738700993e-02
1.963798848052143026e-02,1.042361815436129192e-02,1.525457837335733938e-02,2.232541851730628427e-02,1.328882692413397293e-01,5.558276002903009272e-02
1.945647835810681084e-02,9.986069562753436060e-03,1.495043600409550442e-02,2.197787326816966549e-02,1.280693876977253287e-01,5.468460344196050815e-02
1.899497953368282227e-02,9.945621459378651413e-03,1.484706886602340896e-02,2.167024342444632753e-02,1.281579299795259363e-01,5.417460219480947636e-02
1.922434514586686058e-02,9.999454309255959017e-03,1.408971086477800970e-02,2.171620273454051564e-02,1.276428141112459225e-01,5.240058435815514448e-02
1.862633209386128225e-02,9.895775433080469807e-03,1.502892855656174330e-02,2.122935712771144984e-02,1.263871035267212783e-01,5.466867954302420674e-02
1.827421401472976298e-02,9.757406137519067033e-03,1.530207795311756824e-02,2.066365373628507862e-02,1.247471914752954769e-01,5.513639767831397115e-02
1.819742690672961072e-02,9.673411841793039603e-03,1.576289546756583920e-02,2.055646246103568289e-02,1.232757251756853162e-01,5.650730783580110161e-02
1.905034452470012046e-02,9.597309016328549672e-03,1.388848598388024193e-02,2.116856561825027766e-02,1.217367461570523085e-01,5.100739918461358324e-02
1.857228021861257253e-02,9.482506167268745650e-03,1.489036784758897974e-02,2.054844856739264369e-02,1.202085685622491795e-01,5.334863375851185696e-02
1.852903053407084499e-02,9.460887526989756810e-03,1.468257712550086191e-02,2.062581526914813307e-02,1.200625194951137065e-01,5.285591826918204644e-02
1.849204659563387018e-02,9.355391570178232113e-03,1.348772337715240834e-02,2.079725818219142763e-02,1.187418633030528914e-01,4.900800948790595690e-02
1.796946595507457542e-02,9.315191974866986191e-03,1.389352146829255126e-02,2.021503581245077605e-02,1.172558919786231835e-01,4.970036202592954117e-02
1.774790589908902330e-02,9.504586857569777975e-03,1.298546959603979166e-02,1.996318604139951311e-02,1.191159076637646475e-01,4.693708610107967527e-02
1.771043013856469367e-02,9.688636931580962147e-03,1.372492281060230454e-02,1.981223666135262587e-02,1.212106577007071445e-01,4.891001065020993827e-02
1.705191539783014118e-02,9.693939501210993223e-03,1.354287516634476198e-02,1.927675740500352924e-02,1.206470049290129520e-01,4.844509090697858567e-02
1.755841040285921473e-02,9.675422069127453256e-03,1.338978571963204967e-02,1.949469766750744348e-02,1.203344114836690654e-01,4.796808174219832632e-02
1.727217323582871250e-02,9.362053730130100865e-03,1.322394549949301897e-02,1.912961112410984169e-02,1.176609865327732651e-01,4.706544175763317100e-02
1.706867265576971285e-02,9.227343360718455803e-03,1.337911320437000333e-02,1.901751491761267260e-02,1.163110395219366239e-01,4.721976735789993468e-02
1.714254774243833754e-02,9.112280335993505967e-03,1.257778621501007277e-02,1.916787332928563542e-02,1.147750629970056835e-01,4.500224632149916332e-02
1.658577387043620038e-02,8.885356611116796560e-03,1.269117159788955493e-02,1.848699055883314124e-02,1.127661658867887690e-01,4.492909096991896251e-02
1.597453672284180476e-02,8.694356960146427948e-03,1.211549861174355397e-02,1.768727466360908024e-02,1.109828963112704514e-01,4.366331359501975790e-02
1.524185052430775122e-02,8.733585272756314369e-03,1.132080242643191889e-02,1.700793473502279843e-02,1.114741022509886798e-01,4.173047856150147866e-02
1.508430649940892439e-02,8.738889496000811288e-03,1.109721564105495793e-02,1.696045623734570088e-02,1.108352118675443726e-01,4.122960190371972866e-02
1.511732189212394890e-02,8.694728260095832550e-03,1.155976160680911337e-02,1.681558940981875763e-02,1.106140723227901912e-01,4.236002766023417437e-02
1.564486387379404250e-02,8.696524027357245556e-03,1.176520745631443564e-02,1.726424959183634616e-02,1.104828335533996481e-01,4.281511240314223726e-02
1.623107675085766477e-02,8.650946211764796306e-03,1.200693437502397924e-02,1.798370873556022487e-02,1.105238391721879709e-01,4.362096838394083353e-02
1.633709811486811631e-02,8.545758322762570663e-03,1.210283957536239900e-02,1.810275579983160882e-02,1.089465570532496402e-01,4.390320833865018341e-02
1.560049879086539311e-02,8.352123486418250656e-03,1.139047472126803427e-02,1.743731783458477708e-02,1.067518639711660527e-01,4.202761390409734399e-02
1.570844254416654123e-02,8.335376678250084811e-03,1.231761814923483522e-02,1.756984263944341706e-02,1.062767529653656645e-01,4.417976913776197612e-02
1.656846568921388485e-02,8.356171223992266486e-03,1.229665026074755127e-02,1.850079097027338901e-02,1.062018786322500297e-01,4.420374945292393498e-02
1.658196931625915277e-02,8.461509046007037460e-03,1.284853384946042960e-02,1.833193073033390422e-02,1.069405396021235743e-01,4.628741272127005063e-02
1.655895921709714044e-02,8.458838974981978606e-03,1.314227964129894947e-02,1.840173933691789665e-02,1.065855118147826519e-01,4.710818384853233953e-02
1.688224530027421927e-02,8.302148227735796013e-03,1.247743419913558381e-02,1.859596466965452929e-02,1.049565563852892791e-01,4.537887406522265327e-02
1.649425968431570202e-02,8.216792791564975565e-03,1.276244200224464428e-02,1.821776287247918805e-02,1.043298570897883276e-01,4.608822798259357839e-02
1.653514427680584722e-02,8.095131178148137069e-03,1.201921722347493865e-02,1.803696619230131526e-02,1.033017544453917608e-01,4.393537677351266185e-02
1.693605951684997932e-02,8.099295177378664987e-03,1.235843604104773681e-02,1.861753687861415416e-02,1.030650667282807659e-01,4.521085821858274872e-02
1.704098826485829846e-02,8.142456503925553368e-03,1.277242918813391477e-02,1.864737029955057523e-02,1.032941080979895287e-01,4.634461147218498639e-02
