9.974779441394900914e-01,3.438334227967366208e-01,3.352794029256397912e-01,9.796514556909715621e-01,3.949527672077068008e+00,1.133430782840653128e+00
6.606370730948205594e-01,8.246115948893921466e-02,3.349256757918830929e-01,6.789046692959760376e-01,9.930468852627908349e-01,1.071849522811094690e+00
6.514183654485147246e-01,8.312046478538659411e-02,3.321650344498820462e-01,6.701510841046905975e-01,9.911869613551866909e-01,1.062309316167544981e+00
6.506478056976227053e-01,8.296461454618304920e-02,3.315779345136194989e-01,6.693629534882724608e-01,9.882079341953512452e-01,1.058280015345519409e+00
6.535320321482870343e-01,8.357457844359295063e-02,3.343084776558290505e-01,6.720357460556989349e-01,9.962823156581780415e-01,1.062761646821306361e+00
6.370777267207200500e-01,8.299200711968175714e-02,3.060439272067891348e-01,6.608263499129702900e-01,9.902926248922303554e-01,9.763687540590643144e-01
6.190616361208924889e-01,8.351794005492872708e-02,2.944360793139707555e-01,6.415135883289834196e-01,9.937499776070525259e-01,9.387250634006061301e-01
6.039661671366390872e-01,8.728927752215778768e-02,2.982748880105119405e-01,6.196929643927141518e-01,1.043026650114412313e+00,9.484144025113390164e-01
5.980508927226335647e-01,8.867964634099345655e-02,3.022383062905431572e-01,6.101344894124945961e-01,1.071125632018655072e+00,9.573523591381345454e-01
5.972834132508818561e-01,8.861140320129258507e-02,3.058054197705658006e-01,6.080097899051284394e-01,1.069539598683157955e+00,9.699287213316858391e-01
5.936065490441696513e-01,8.913338744869021835e-02,3.050269972850941369e-01,6.033580619341720741e-01,1.076261521609668481e+00,9.683025468742542108e-01
5.927630843394856575e-01,8.931238201798155640e-02,3.005264358004262615e-01,6.017561403962128352e-01,1.081066006843661942e+00,9.566424223226638324e-01
5.920714988264091927e-01,8.917750461989920607e-02,3.021362311462065797e-01,6.017541006202741238e-01,1.080986522475024136e+00,9.595622109511587894e-01
5.900867751916243353e-01,9.047098296908018256e-02,3.032689834051411903e-01,5.991425649427459810e-01,1.096285616667992846e+00,9.636847647713077114e-01
5.880102590044717914e-01,8.892425624232341841e-02,3.005053785327754801e-01,5.968889167271324014e-01,1.075786160117448320e+00,9.565292192466124943e-01
5.884143957802854263e-01,8.779136104354605397e-02,2.985649503191186160e-01,5.979898719230297699e-01,1.057993063861787597e+00,9.504410999037907759e-01
5.859097327024613833e-01,8.714551854804410136e-02,2.939682195249698204e-01,5.956151020296011067e-01,1.047715407246534891e+00,9.380703478576007948e-01
5.853049950488585784e-01,8.923664182850007953e-02,2.897614225198741345e-01,5.944136852410597527e-01,1.075965397781418309e+00,9.249596685150949238e-01
5.845615411379211368e-01,8.922505843583933283e-02,2.894258686758762744e-01,5.936315105033914685e-01,1.070839622232265809e+00,9.259601775603643059e-01
5.845814244711113883e-01,8.911137255077755670e-02,2.895190787207354566e-01,5.936337689620402314e-01,1.065313561888160399e+00,9.257972464085325592e-01
5.833193873699278331e-01,9.072237612789875449e-02,2.864884021020907556e-01,5.919226798210699414e-01,1.088133631778111843e+00,9.145663211945367355e-01
5.833994190330805685e-01,8.961678797536508367e-02,2.864426265112682835e-01,5.917237250600964060e-01,1.070235115750668875e+00,9.132409013500893957e-01
5.811466008740002742e-01,8.808783292818637978e-02,2.852666348913096006e-01,5.899855203588437735e-01,1.055225898604360779e+00,9.095731621653978527e-01
5.798925361314195559e-01,8.940417972442495087e-02,2.858276799553566283e-01,5.881523509285362383e-01,1.075297150130783752e+00,9.132112953175568482e-01
5.785443003290788866e-01,8.914712708915263628e-02,2.862835194365456193e-01,5.867711635144039484e-01,1.071851648701023896e+00,9.129729951347967942e-01
5.764846599761405121e-01,8.937919168242901280e-02,2.854176253326138335e-01,5.845370897837069979e-01,1.074770640024164781e+00,9.097506823944205845e-01
5.746388324717994767e-01,8.903037855989602567e-02,2.844889872271445519e-01,5.829696451621044773e-01,1.073240523042710670e+00,9.078170147138908685e-01
5.749004770837365941e-01,8.878952702799783325e-02,2.845459529500328766e-01,5.834863578653479710e-01,1.067650637055071794e+00,9.076285603456587525e-01
5.737272036026337396e-01,8.916936019377372236e-02,2.849712995439011576e-01,5.820520908283416395e-01,1.075265655253158092e+00,9.104873305720277976e-01
5.737682021605443605e-01,8.836012249496918991e-02,2.822431745161806949e-01,5.818596736280507997e-01,1.062444817729193192e+00,9.013946453028792716e-01
5.730175870020605133e-01,8.856945726131190688e-02,2.854617430710207349e-01,5.810709205782825792e-01,1.066695252772637659e+00,9.111714686754976977e-01
5.722142109601442428e-01,8.845057629340268013e-02,2.833054288516010932e-01,5.800871932850121260e-01,1.068350177539271639e+00,9.044627923356536314e-01
5.719915712080896331e-01,8.796995568121225573e-02,2.829991490576414526e-01,5.799153070710070246e-01,1.058151048295275398e+00,9.040656429682693007e-01
5.728680481595838092e-01,8.844990242784460388e-02,2.815449896278400810e-01,5.807420736121237104e-01,1.064712379023974975e+00,8.997035214773601020e-01
5.733808039489595165e-01,8.746841416135155145e-02,2.802915926440696093e-01,5.816514298307455810e-01,1.046694865169680799e+00,8.949540247817129313e-01
5.724974162402941547e-01,8.788416602052659399e-02,2.813678759270875074e-01,5.807679053194221286e-01,1.053931807280695354e+00,8.982356606012890099e-01
5.727379844086144534e-01,8.810247801825121794e-02,2.809321679021762885e-01,5.807916705032587501e-01,1.055723873740527896e+00,8.968281267326276840e-01
5.711777295569819834e-01,8.837247470299042229e-02,2.787305565721822642e-01,5.791166637212519230e-01,1.058996668153967757e+00,8.907039973868458027e-01
5.716978328893703720e-01,8.818033832996471921e-02,2.805249443657886754e-01,5.796328640307768509e-01,1.057595384951983686e+00,8.952402759057626058e-01
5.699591173991734872e-01,8.837295550610736738e-02,2.785535518267098221e-01,5.780061223874284337e-01,1.057441778421796430e+00,8.892807567374987343e-01
5.691734767772478332e-01,8.845568771051089130e-02,2.784941780527852018e-01,5.769779185611354499e-01,1.060049417756681045e+00,8.890646726979765102e-01
5.688978178367024574e-01,8.855286537732361130e-02,2.765156085367646566e-01,5.772316289217412910e-01,1.058913682063981510e+00,8.826518049304148406e-01
5.695838748487243031e-01,8.895864670604065882e-02,2.782092519231871841e-01,5.778604474678146197e-01,1.063206540816823420e+00,8.883039587130026060e-01
5.690787046730639842e-01,8.825123520774530439e-02,2.770782847851523956e-01,5.774159088485421032e-01,1.053108999006713953e+00,8.856551367707506950e-01
5.684139854992391605e-01,8.863917626445817766e-02,2.748339917784826669e-01,5.767458918072816410e-01,1.057875102538778922e+00,8.793400419032495474e-01
5.687306491515206064e-01,8.842306180430874185e-02,2.754949385893812885e-01,5.768963934536643912e-01,1.058206454132919028e+00,8.814059963054767799e-01
5.680713976721969427e-01,8.822573148716850167e-02,2.757783002451358323e-01,5.763049446646190122e-01,1.056816104609541895e+00,8.825381207776680226e-01
5.676474782605474001e-01,8.802212151872876311e-02,2.741730276204593642e-01,5.758476063172580650e-01,1.053117225520091349e+00,8.781526873543237244e-01
5.685130354872313108e-01,8.841460065569238524e-02,2.746257782146706572e-01,5.763803308506009193e-01,1.056543569721370313e+00,8.816249712179154985e-01
5.669642629820601520e-01,8.846197394855992435e-02,2.750083929395599758e-01,5.748937904879051208e-01,1.053786948600475393e+00,8.818263910691909180e-01
5.676187481524267442e-01,8.916826039743884491e-02,2.740634945725312077e-01,5.755829507220774355e-01,1.065500376288390116e+00,8.786590429986221862e-01
5.673107028502238913e-01,8.823397072763021487e-02,2.757994748321913603e-01,5.754286163322005487e-01,1.054285369726557731e+00,8.839460012678257428e-01
5.666642544556652616e-01,8.943055891960989545e-02,2.752794859000829431e-01,5.747892360507155241e-01,1.070315001880487005e+00,8.824865506506303081e-01
5.659855269359539420e-01,8.864284880110280540e-02,2.741729868524531155e-01,5.740862077360191496e-01,1.057910338993319543e+00,8.787945118485087637e-01
5.643166430640043085e-01,8.988979858353565722e-02,2.732006065413625229e-01,5.723575594184225901e-01,1.071505900834754055e+00,8.753293263238218769e-01
5.643132853113196346e-01,8.902664182562622375e-02,2.728746907615109407e-01,5.723742966908264007e-01,1.059246897410873967e+00,8.743433041412698170e-01
5.640622338427432325e-01,8.980887853784685904e-02,2.737419371755309694e-01,5.723441363411764238e-01,1.068564524958717676e+00,8.765767295814459459e-01
5.633850224492904513e-01,8.876059231688772366e-02,2.742337476404207441e-01,5.716893806165633807e-01,1.055668379107991939e+00,8.783244571490872454e-01
5.622382463025059618e-01,8.956483349433154439e-02,2.746746991562544205e-01,5.706404194404762764e-01,1.065936009529307560e+00,8.796852780905275448e-01
5.612556519284588319e-01,8.939281493576134441e-02,2.716663329078212175e-01,5.695458049839247083e-01,1.063020996947786179e+00,8.704881218977957857e-01
5.602463821919924092e-01,8.869778675741109286e-02,2.709149335426728755e-01,5.686593587276108641e-01,1.054102420130847539e+00,8.685936051278734249e-01
5.598176010226136867e-01,8.913652771067138991e-02,2.718615709989323226e-01,5.684391979941705308e-01,1.059049259781856600e+00,8.702283779943785769e-01
5.584464074379899001e-01,8.915166013122260980e-02,2.722618737835122982e-01,5.672856496812547222e-01,1.057752250196259070e+00,8.719899793185249548e-01
5.575387439789919464e-01,8.994361824383054205e-02,2.715480499244634083e-01,5.663495991569514887e-01,1.063554089538183867e+00,8.695971744548334215e-01
5.586330991962186188e-01,8.932383873820734510e-02,2.737625052572876805e-01,5.676883026500653129e-01,1.056177814557334615e+00,8.766054980690926035e-01
5.582367991117466177e-01,8.886146450845368305e-02,2.726456260081996374e-01,5.670834284038205331e-01,1.050981765738063789e+00,8.739866782895863162e-01
5.581750757080613523e-01,8.960161484696586853e-02,2.726005624420389517e-01,5.670576019224368158e-01,1.059713673547478585e+00,8.749636220560926825e-01
5.570960584680723082e-01,8.936795796866994768e-02,2.729494938462458942e-01,5.660172909824257026e-01,1.057894789378759581e+00,8.766042199945662805e-01
5.571624269049916256e-01,8.894167017905656170e-02,2.736292941450124139e-01,5.661333564036499233e-01,1.053861303611044242e+00,8.791255590961909450e-01
5.572635224083762884e-01,8.992617400832263186e-02,2.729840249572094701e-01,5.663463736853385777e-01,1.065460622307670135e+00,8.778564847089124212e-01
5.559096462705555020e-01,8.950141030042092771e-02,2.729333617248861366e-01,5.651261153204497623e-01,1.060127758854668256e+00,8.784216013412879942e-01
5.552376493583307537e-01,8.982739395649917691e-02,2.724201274252681104e-01,5.645653168891642260e-01,1.063920562065071129e+00,8.771089858008123130e-01
5.557638921963735656e-01,8.947362659459735801e-02,2.722238767932789183e-01,5.649020111848876979e-01,1.058748597764915145e+00,8.767617798779104854e-01
5.557388854466859263e-01,8.990421586822643085e-02,2.722450476356473859e-01,5.649339002380380226e-01,1.062967232232467474e+00,8.764588485865153489e-01
5.547856156052092258e-01,9.015458284926687604e-02,2.724988206914515376e-01,5.641327147346185678e-01,1.065764603895362317e+00,8.775269633127469326e-01
5.538572436221465001e-01,8.916129636766345623e-02,2.712157684425387516e-01,5.633024851310641790e-01,1.054397171720243831e+00,8.746746599301389313e-01
5.546294546532445358e-01,8.887371663920869136e-02,2.721241377960377794e-01,5.641687057753078660e-01,1.052245742897827130e+00,8.776152139610462477e-01
5.546360396174716545e-01,8.997195731038841460e-02,2.705726217922256871e-01,5.640914786773758571e-01,1.065533298130254325e+00,8.731575585102550052e-01
5.544459069656351158e-01,8.930518194676287380e-02,2.700351255667260419e-01,5.640431633366080888e-01,1.057442893540645912e+00,8.717434348859217641e-01
5.542095315801278677e-01,8.908087099188700952e-02,2.701287033020326467e-01,5.640139952029034065e-01,1.057457540222446868e+00,8.731655078565777606e-01
5.543282401541755888e-01,8.879582597135490807e-02,2.715514049035254174e-01,5.638980735050194149e-01,1.050718464615289616e+00,8.773863040907009525e-01
5.546059923841633044e-01,9.085145431112526260e-02,2.706671012794584219e-01,5.643891935945466454e-01,1.076023303239307172e+00,8.753723458093114473e-01
5.551117784494759011e-01,9.033555925314097623e-02,2.697452866584706954e-01,5.647325924464871028e-01,1.063496917390866159e+00,8.729790422151997298e-01
5.546354965072317622e-01,8.950988093956360747e-02,2.686922654929126963e-01,5.646040880988800748e-01,1.056658198547106853e+00,8.696986370515783493e-01
5.546537328929505017e-01,8.929104714068888948e-02,2.663880274056366626e-01,5.645623292245214309e-01,1.053538659777075726e+00,8.620479914538728972e-01
5.543270875282966248e-01,8.964677776362507677e-02,2.661508763647589260e-01,5.642937337779823093e-01,1.059259485495118058e+00,8.613457594853232147e-01
5.538868619707698615e-01,8.996812690978912841e-02,2.668893862336150780e-01,5.639005889235836344e-01,1.065080238401030277e+00,8.626662852809250381e-01
5.534052857607794085e-01,8.906114734611146611e-02,2.676890418718878006e-01,5.633539898271832103e-01,1.055037587937601717e+00,8.657719608605307648e-01
5.526933661854295243e-01,8.862065326648373154e-02,2.678618550821405542e-01,5.626411628273414456e-01,1.049870448705243930e+00,8.662649787871947726e-01
5.522664666894478991e-01,8.908191379745498961e-02,2.689159289291748189e-01,5.621066477120283400e-01,1.054671547451088598e+00,8.697920145870070563e-01
5.519478054649967769e-01,8.960187186838343421e-02,2.665953946727890322e-01,5.617649208814928796e-01,1.061586656572629739e+00,8.629934930819094241e-01
5.521772317415185594e-01,8.883020149151307776e-02,2.666355840116251263e-01,5.616587718650919436e-01,1.049697366571981316e+00,8.628983348536538589e-01
5.510047982241146336e-01,8.888823581574800681e-02,2.681208572352700159e-01,5.603861283132515192e-01,1.049645725223265602e+00,8.672556258404584550e-01
5.520212559041538514e-01,8.957729752979608218e-02,2.689011818697460421e-01,5.613412157309675132e-01,1.057387925720390420e+00,8.691600698164664296e-01
5.509962470490390452e-01,8.947821867767247195e-02,2.680923191951562479e-01,5.606298882833149477e-01,1.058114925526650651e+00,8.660628274550381533e-01
5.511790294049303540e-01,8.897550952452988604e-02,2.683649191978988435e-01,5.604421968625779016e-01,1.053433923284077256e+00,8.670249363877067239e-01
5.514089075697690134e-01,8.986534034451770792e-02,2.685661679022526283e-01,5.609243062186520801e-01,1.065731135788587247e+00,8.679501435191373515e-01
5.506000322564583715e-01,8.866791154963432620e-02,2.684535955284388375e-01,5.601257743835326153e-01,1.051682804813287575e+00,8.674682383277474429e-01
5.498863920476091405e-01,8.839522361879288692e-02,2.680742059180320491e-01,5.593764595696819608e-01,1.049066009181087056e+00,8.663412503911666063e-01
5.499850800814097829e-01,8.780471614032933636e-02,2.683975184352166976e-01,5.593439601013869833e-01,1.040033593947776058e+00,8.672870361616247248e-01
5.493314910167488296e-01,8.765120853308788762e-02,2.691499671196556642e-01,5.587342509954816849e-01,1.037175193938501661e+00,8.688114782574916095e-01
5.479632056137628826e-01,8.814448186811472963e-02,2.697062336825983286e-01,5.574775826522300193e-01,1.043596023163881892e+00,8.707250899375759134e-01
5.478688787155984175e-01,8.792749572880845244e-02,2.702740633106108237e-01,5.572006437865055783e-01,1.041249062514553625e+00,8.724460322377777244e-01
5.469819522810824841e-01,8.801921696236231218e-02,2.694628423878341339e-01,5.566244182335540192e-01,1.043879472587469825e+00,8.700330200350443466e-01
5.467750236550277254e-01,8.822640663649576609e-02,2.710268389671657285e-01,5.563901861053368592e-01,1.047648337107501826e+00,8.745354114973828974e-01
5.467907786509346169e-01,8.761918920946018541e-02,2.703154708821957630e-01,5.567047619466404251e-01,1.040733820033352242e+00,8.723661041245506231e-01
5.460186484977797017e-01,8.728493205251917908e-02,2.687478808457465229e-01,5.560451784998959868e-01,1.035813046453526232e+00,8.673397881601355719e-01
5.453691433916711961e-01,8.835705038273060363e-02,2.677198462388965527e-01,5.555396371262414368e-01,1.048366515662332965e+00,8.644028390723096367e-01
5.456992769769529739e-01,8.889477564401249143e-02,2.682521973557241979e-01,5.555911512709272859e-01,1.053626027124078046e+00,8.660713295906855569e-01
5.448014306977212451e-01,8.836574283326620316e-02,2.679809200477283326e-01,5.547229863005538331e-01,1.047516574332327366e+00,8.647418615368724915e-01
5.442624513131355535e-01,8.779426597435900648e-02,2.671905802264785690e-01,5.543652906390612589e-01,1.040877215035446390e+00,8.622779458503434524e-01
5.438423128619127578e-01,8.721216681840933405e-02,2.681261928292756336e-01,5.540010936376781325e-01,1.032567087799060257e+00,8.647506913354442437e-01
5.440059719117386061e-01,8.793199607836413301e-02,2.682725509902154082e-01,5.540816003167864379e-01,1.042323073204457939e+00,8.650614096230140326e-01
5.431521028662740225e-01,8.825846545649987385e-02,2.677121631314648975e-01,5.532401968972029405e-01,1.047764061790047219e+00,8.635257769779948189e-01
5.433263477823917498e-01,8.752284507793738066e-02,2.675545469766371642e-01,5.535226689209273854e-01,1.039086451274463530e+00,8.631182833776079866e-01
5.420405873097261518e-01,8.702303088687181332e-02,2.669590311903043411e-01,5.523746864357551578e-01,1.033363606560929071e+00,8.613957355733983245e-01
5.420348461009388830e-01,8.789313492009609430e-02,2.671936979312224403e-01,5.522249238827778850e-01,1.044641031477524740e+00,8.624860433574449425e-01
5.408563786741977797e-01,8.783938999359813815e-02,2.682741450541851203e-01,5.510914592626237063e-01,1.041903617852852237e+00,8.653741030233420561e-01
5.408019117882595372e-01,8.781044918069161320e-02,2.682275732010778180e-01,5.509640183278844416e-01,1.040896556779463911e+00,8.646838396252521930e-01
5.399441731380089093e-01,8.762693322633188786e-02,2.676649180894735691e-01,5.503332479605337335e-01,1.037686327677338705e+00,8.625264535301084834e-01
5.407344178387589739e-01,8.788300781897899483e-02,2.679022801656857911e-01,5.511511372942883291e-01,1.040624543300964211e+00,8.627996062380908215e-01
5.406610616790606949e-01,8.776025286753302845e-02,2.685667369658024661e-01,5.511021540844310840e-01,1.040201901326656797e+00,8.650381483137695726e-01
5.404565396791973786e-01,8.740714116095295305e-02,2.683798351645110269e-01,5.509268503362461100e-01,1.035397231817987151e+00,8.637267477867296428e-01
5.393944587928478640e-01,8.788388872991127754e-02,2.685710961188125800e-01,5.498755074656412889e-01,1.041912519416425376e+00,8.634501653199562199e-01
5.393830310556537722e-01,8.770639438209250349e-02,2.686353610893101318e-01,5.497493616754427492e-01,1.041386612951879176e+00,8.628046914330822492e-01
5.390028044335388735e-01,8.753293298204177508e-02,2.698141016765873146e-01,5.494826182759652289e-01,1.039567582216136765e+00,8.661526950584881313e-01
5.380740873569788141e-01,8.783229362221291192e-02,2.698067144548002005e-01,5.486243399015708899e-01,1.044222905824594205e+00,8.662662348266093604e-01
5.377516373485267120e-01,8.723841620814150322e-02,2.691370142712143365e-01,5.484948261357319721e-01,1.036883916917844539e+00,8.641491225909363472e-01
5.365215889519309167e-01,8.682966951256665400e-02,2.685245194257297463e-01,5.473737035256989181e-01,1.031511856206494215e+00,8.621649818833719836e-01
5.359213165375996679e-01,8.708335733613944973e-02,2.681924710954092794e-01,5.467774764863336801e-01,1.034216918579427880e+00,8.612953272439466401e-01
5.354776216357853835e-01,8.809046660006064622e-02,2.684333339278406894e-01,5.461772512877766106e-01,1.046304668866140819e+00,8.615035137235044216e-01
5.351856446835522307e-01,8.854532604706823185e-02,2.684134871995896843e-01,5.457614911455338502e-01,1.050915830699999276e+00,8.614118455212378400e-01
5.356299884352754281e-01,8.768618457244306552e-02,2.690512313339372130e-01,5.461670788817362121e-01,1.040136147516094844e+00,8.626286551797448521e-01
5.351423764156932883e-01,8.714535463656615522e-02,2.678400025723354783e-01,5.457888768707798155e-01,1.034213304038216874e+00,8.584726224673944195e-01
5.349292482131425830e-01,8.735624567754832204e-02,2.675110917165833269e-01,5.457381787994389777e-01,1.037388220725594223e+00,8.580766826243128031e-01
5.346423265109156997e-01,8.739828338041909228e-02,2.683132196686138227e-01,5.453591880621894150e-01,1.038924559957928873e+00,8.607248202288310113e-01
5.343797758826154265e-01,8.720166400500578563e-02,2.677724507411138877e-01,5.452363506148480976e-01,1.038019991626538463e+00,8.594336429917847076e-01
5.340403626734140374e-01,8.720047256819998815e-02,2.664528466305391974e-01,5.448379239765579474e-01,1.037999234300439166e+00,8.552789811330806513e-01
5.333219755881420943e-01,8.679368295048366100e-02,2.659358836029319662e-01,5.441178558889989691e-01,1.032560194154211963e+00,8.535276375925012760e-01
5.324216876844314328e-01,8.695086905120005816e-02,2.650823691685939010e-01,5.432096772952191843e-01,1.034047643542441275e+00,8.508618162711446553e-01
5.321904866181508265e-01,8.704460108226673432e-02,2.650047074319404339e-01,5.430006479036751932e-01,1.034753813901300612e+00,8.508781541483250166e-01
5.321567519350660636e-01,8.708393233958018620e-02,2.654083918082251192e-01,5.432069883296226642e-01,1.034761414312993733e+00,8.516521236625315128e-01
5.312685497672058332e-01,8.694957595560806607e-02,2.655038952981396139e-01,5.423877774687193565e-01,1.032869976934925216e+00,8.520558525402781580e-01
5.313954659365140998e-01,8.651408084906452023e-02,2.656396001966014331e-01,5.424033972742913212e-01,1.027717692952677231e+00,8.515581802937933764e-01
5.325692135319315401e-01,8.600468886222395470e-02,2.644002396810055111e-01,5.435005977229014906e-01,1.021067911743074097e+00,8.478267965851304933e-01
5.322617590389737696e-01,8.686908262914451451e-02,2.635051054760707001e-01,5.432242697598721470e-01,1.032588677142055822e+00,8.451159575877303931e-01
5.327953145138091262e-01,8.809875072361363080e-02,2.645685655815761539e-01,5.437299930648884505e-01,1.048476146186475111e+00,8.484941536936574380e-01
5.330559302510475828e-01,8.665676612777063748e-02,2.636032652287382261e-01,5.439593608597245167e-01,1.030448231950024995e+00,8.455659232107654022e-01
5.326057641979908830e-01,8.635647950430029585e-02,2.636544685236419383e-01,5.435088670531947885e-01,1.027397476503594698e+00,8.458838950127840484e-01
5.322103460649375561e-01,8.686133589283548395e-02,2.627929484440361119e-01,5.430914042865300217e-01,1.033769767448714294e+00,8.433647330603997183e-01
5.319024475721612077e-01,8.737063483941683029e-02,2.625979685851012602e-01,5.427906713931993643e-01,1.039967570271248976e+00,8.427187675889661334e-01
5.315715904221116617e-01,8.711239311631874260e-02,2.621445939041659456e-01,5.422010171023865510e-01,1.036271571637239042e+00,8.416655923500185876e-01
5.306397260927724346e-01,8.628805232059584551e-02,2.632331125286200835e-01,5.414551451644307178e-01,1.026534918999113088e+00,8.446705587231351231e-01
5.309387354227907974e-01,8.709605964955827173e-02,2.626040737908530986e-01,5.420948707868382677e-01,1.036687216931736266e+00,8.429318377322361222e-01
5.298302374079033594e-01,8.756890684586174367e-02,2.621071158228954756e-01,5.407916160696549790e-01,1.041093843446389222e+00,8.412285375397536846e-01
5.297959828942951921e-01,8.745627359797175648e-02,2.605730169914406980e-01,5.405669368322713053e-01,1.039546931663914098e+00,8.361684997044966927e-01
5.295120908098766010e-01,8.762547534537265537e-02,2.600128525469694307e-01,5.404185892185213724e-01,1.042517581003392202e+00,8.340360697212226837e-01
5.293574104565197391e-01,8.724886695699381189e-02,2.604595602179915481e-01,5.403394721896060959e-01,1.037910875346660822e+00,8.354775125037525729e-01
5.287246975440548225e-01,8.724110496440005968e-02,2.603335437695942778e-01,5.395042671844649806e-01,1.037742171881608666e+00,8.353357761738177123e-01
5.285394937123478742e-01,8.740955865950576775e-02,2.605887764299694154e-01,5.392951605920903724e-01,1.040354515032064109e+00,8.360758525526281737e-01
5.284774488270777004e-01,8.710984224767477635e-02,2.603593427502298163e-01,5.389404490963651817e-01,1.036813899702358599e+00,8.351300861187350710e-01
5.268029988990092782e-01,8.730626028104977732e-02,2.606131261839669810e-01,5.376342346164930674e-01,1.039770978237603671e+00,8.359232333172601503e-01
5.268345369983682414e-01,8.645416777368147843e-02,2.610267517038042384e-01,5.375020304583174591e-01,1.029215220250395912e+00,8.371568927127814863e-01
5.271699059970880175e-01,8.721130401891019623e-02,2.606894722354620164e-01,5.379255526383622810e-01,1.038195517459922224e+00,8.358954385972614531e-01
5.270511545391557418e-01,8.788952883880885025e-02,2.606082269828349229e-01,5.377128409497257122e-01,1.047279083214537554e+00,8.354962344523162443e-01
5.274317113366325804e-01,8.772388451683635346e-02,2.613711020944876617e-01,5.378157526255750165e-01,1.045625975273126951e+00,8.372243665983063465e-01
5.273487406318008164e-01,8.640836960641458397e-02,2.615984248431242332e-01,5.376875510449813378e-01,1.027845634115821305e+00,8.374814032471442626e-01
5.268418200241727911e-01,8.670673204038742421e-02,2.611766661009879975e-01,5.371528048914979703e-01,1.031772204172308083e+00,8.367026790943442593e-01
5.258523239120315163e-01,8.743987385958111591e-02,2.613297151292262033e-01,5.360824625023630219e-01,1.041190695929606669e+00,8.373779052776282317e-01
5.254842323778530222e-01,8.746935350453743929e-02,2.624981005713702964e-01,5.360955169186125691e-01,1.041405227599892180e+00,8.406753312659764887e-01
5.256375231522960600e-01,8.704102623798684601e-02,2.631096495160905602e-01,5.358561250893726369e-01,1.036344615723699958e+00,8.424679112440900397e-01
5.232823479255621635e-01,8.630704667192730384e-02,2.631339390457585470e-01,5.338301061761019373e-01,1.027680050044711857e+00,8.428613655117129788e-01
5.238567833971113918e-01,8.633917481498312729e-02,2.630146000489397284e-01,5.345563993312901774e-01,1.028255373219887803e+00,8.416660009555100297e-01
5.229080591146112456e-01,8.709797403489068224e-02,2.633008009723138976e-01,5.339471891447877816e-01,1.038400432518508554e+00,8.420766913141488619e-01
5.222200457901371440e-01,8.732843023291024520e-02,2.635367620334060357e-01,5.330069135612438558e-01,1.041450629585379151e+00,8.425500540835617613e-01
5.222226316653464373e-01,8.800994867071353089e-02,2.630373444678894002e-01,5.327593013581137793e-01,1.050763806721751514e+00,8.402840994212884551e-01
5.221775328677362715e-01,8.804871771340129494e-02,2.632262357774498018e-01,5.328615219766141831e-01,1.051586859851890043e+00,8.410653811344448449e-01
5.192913353654119435e-01,8.766207395366204524e-02,2.632500267303919395e-01,5.297650874836942192e-01,1.047621724217500550e+00,8.411116427569110821e-01
5.188510032268475181e-01,8.689718784751991609e-02,2.643546424881296208e-01,5.297241906691618762e-01,1.038098386525770467e+00,8.440893434075180668e-01
5.184937223742964729e-01,8.690656171516836226e-02,2.646855863539977483e-01,5.292665854694150740e-01,1.038547753591704037e+00,8.449328227831574001e-01
5.178133902575330350e-01,8.697067140100717131e-02,2.650379473382848960e-01,5.284658573450433661e-01,1.040054796164703088e+00,8.455170245017444852e-01
5.176413684747445121e-01,8.720252844789717905e-02,2.652614904433507337e-01,5.282535274900921340e-01,1.043019123701692363e+00,8.459670922977715612e-01
5.171382466920440013e-01,8.817994755517376271e-02,2.641924236962520656e-01,5.278318281526521716e-01,1.055545447452879593e+00,8.423586238055629227e-01
5.165991296689395051e-01,8.782364292163784281e-02,2.638938227025585670e-01,5.272569375807328873e-01,1.051036345319597443e+00,8.412603948982302349e-01
5.165555743382834741e-01,8.668626639809533241e-02,2.630167014106054024e-01,5.272187501422587186e-01,1.036070078179192722e+00,8.387718088485236478e-01
5.155364375791929854e-01,8.655811654995622384e-02,2.630272501820110631e-01,5.263923984013063606e-01,1.034071730202211548e+00,8.383934799409235028e-01
5.157399162492898315e-01,8.666779753306363965e-02,2.639378841085734395e-01,5.263964048133108475e-01,1.035652163520205615e+00,8.407663617911960152e-01
5.159291900546083554e-01,8.735708934451699714e-02,2.641967065511698909e-01,5.265815407614999888e-01,1.044459340742842413e+00,8.415100666250517891e-01
5.149231152061490846e-01,8.676778034778566406e-02,2.647368002312063262e-01,5.256664454749547799e-01,1.036635017887381771e+00,8.438328318843866249e-01
5.143870025509549304e-01,8.706462897586383920e-02,2.629428528544464072e-01,5.254460654153528809e-01,1.040987412562961678e+00,8.385925761988967109e-01
5.158142517444964659e-01,8.725610071225872733e-02,2.619080207751725564e-01,5.267384308403236792e-01,1.042962456977777563e+00,8.356104456758545185e-01
5.147474223253383219e-01,8.727287062415001184e-02,2.613712834677693331e-01,5.257291640303634050e-01,1.044079256810136469e+00,8.342442742512607978e-01
5.141155595726176752e-01,8.742741237864443127e-02,2.619892201669679066e-01,5.250136592949926628e-01,1.047574937744465418e+00,8.358907402642193896e-01
5.143253544721061443e-01,8.708663245530179342e-02,2.623334884772947073e-01,5.251890676285687620e-01,1.044008805485962421e+00,8.365583726739800330e-01
5.138707828241643183e-01,8.679902534975567074e-02,2.646636951147390282e-01,5.244616325444815264e-01,1.040625258041537604e+00,8.431722351458476039e-01
5.136360818147680529e-01,8.712743062453484622e-02,2.652994494629798972e-01,5.240863276902221202e-01,1.045374330152634368e+00,8.450624978470172577e-01
5.122872671731952821e-01,8.705221001735430342e-02,2.640930313648260364e-01,5.226241933446997834e-01,1.045275074563189133e+00,8.407952318665359304e-01
5.113939470886040839e-01,8.684002348234552693e-02,2.616316567544706984e-01,5.218345270696815863e-01,1.043458531127900990e+00,8.335522089732629869e-01
5.105875382605641333e-01,8.631045801238856896e-02,2.595077097825308488e-01,5.209362220135792532e-01,1.036733496739029592e+00,8.269055983623655459e-01
5.112136061884522409e-01,8.653568688490588523e-02,2.588647083469315935e-01,5.215328833719450330e-01,1.039046778457006992e+00,8.249571391921077801e-01
5.117456620979194959e-01,8.680116093273781974e-02,2.594819082133858479e-01,5.218472701885029652e-01,1.042301524196570517e+00,8.263577052293085146e-01
5.114055574157942985e-01,8.724470422315479257e-02,2.610161221414703525e-01,5.214720524698781556e-01,1.047925259217959537e+00,8.309519701591852048e-01
5.107240620881310367e-01,8.742773571481567141e-02,2.613634783476011525e-01,5.210634125447358711e-01,1.050664532701259146e+00,8.323540808035732042e-01
5.095065898291497586e-01,8.733772757218663529e-02,2.626997832333484162e-01,5.199862170163936925e-01,1.049635999744329196e+00,8.364953205213158105e-01
5.088600551024615726e-01,8.727082328841380410e-02,2.626946946584426956e-01,5.194697524722526882e-01,1.047981402273977292e+00,8.359886422668859618e-01
5.082005917709009335e-01,8.688326486419130357e-02,2.613189044038519149e-01,5.187062998396729796e-01,1.043526161471640012e+00,8.319580578355675327e-01
5.076599393837556429e-01,8.691919432336897566e-02,2.601261650997419017e-01,5.184660837972834280e-01,1.044273510183353793e+00,8.284020641933460549e-01
5.066273913840489973e-01,8.664125341758079080e-02,2.590251017140018930e-01,5.176698005795571378e-01,1.041504693433974005e+00,8.250845932622637990e-01
5.064245831512149687e-01,8.638838355471281649e-02,2.585025703925583063e-01,5.172552693516460076e-01,1.037953442008939575e+00,8.234921225795243105e-01
5.052805607290816736e-01,8.594558641429216050e-02,2.590372811958683297e-01,5.162360726476944439e-01,1.032067527018190711e+00,8.254558894251318169e-01
5.039678551398767414e-01,8.626059342350661518e-02,2.607383520792425635e-01,5.148858670652105562e-01,1.035962202340051208e+00,8.308616016683832983e-01
5.034796144036527421e-01,8.683984589597537607e-02,2.595081938025931567e-01,5.145517363443681269e-01,1.044044705259089989e+00,8.270085236754602942e-01
5.033134595242674258e-01,8.698218038115494710e-02,2.591827495543220228e-01,5.144491002517737055e-01,1.046286394040228052e+00,8.261714972012064173e-01
5.036481459138203443e-01,8.700046887626924907e-02,2.585186391894916391e-01,5.146337702172329998e-01,1.046407474324711595e+00,8.241029688176927381e-01
5.036316258446310590e-01,8.621627645074514401e-02,2.571392308481088573e-01,5.148407820479974362e-01,1.035633662636801233e+00,8.198215098991930017e-01
5.026380949319074753e-01,8.643115132424528113e-02,2.576790245725707473e-01,5.138585078236154180e-01,1.038450425531094456e+00,8.214370759487232831e-01
5.027013248534929479e-01,8.707387896323889875e-02,2.573457111730177438e-01,5.137844275606353595e-01,1.047428272654208348e+00,8.205390240883685404e-01
5.026336698854545482e-01,8.819400066478130795e-02,2.564000971752520841e-01,5.136571963289533471e-01,1.062493148002373378e+00,8.173235909853706627e-01
5.011726587822058487e-01,8.796811038291860174e-02,2.568617373523033320e-01,5.122480456567681806e-01,1.059871958378974854e+00,8.184848587955873001e-01
5.004820726913676854e-01,8.751813679992385964e-02,2.562100770598388366e-01,5.114577110673890203e-01,1.054434397846943261e+00,8.159374815960941385e-01
4.999212933399799219e-01,8.701234702615683048e-02,2.576160365777269146e-01,5.110506613247528529e-01,1.048446112762092763e+00,8.201949633071730084e-01
5.003331860900168682e-01,8.655022698487090105e-02,2.582241630188640835e-01,5.116207075625096579e-01,1.042329720050450215e+00,8.218137627627879471e-01
5.011900645206514016e-01,8.649419476684072627e-02,2.569635709378814137e-01,5.124821612908501134e-01,1.041774290423657545e+00,8.178847251643492910e-01
5.004872050925724958e-01,8.636035329012417550e-02,2.571931516315779653e-01,5.120281508615897037e-01,1.039874849543920732e+00,8.182276531861046864e-01
5.001294071234395622e-01,8.727473904093252521e-02,2.566393533428731888e-01,5.115841065036306201e-01,1.052254510593829906e+00,8.166145468131618124e-01
5.003110294826488280e-01,8.791372697139200609e-02,2.567343076289914094e-01,5.113062365106061380e-01,1.060208061561817905e+00,8.173881220315669660e-01
4.996356198399661275e-01,8.729756226100739147e-02,2.552254636348096906e-01,5.105218084121617705e-01,1.052087781805878475e+00,8.128677555108514419e-01
4.997715335665097180e-01,8.681047150928059009e-02,2.553294110077600765e-01,5.104981893859290576e-01,1.045268940931050494e+00,8.129449588027986007e-01
4.997693357080102983e-01,8.674036694673721570e-02,2.556111818517872725e-01,5.105012762738005971e-01,1.044354998537700085e+00,8.141505715545259703e-01
4.999789286294033519e-01,8.725152135327239600e-02,2.560992729257581813e-01,5.109944628430416191e-01,1.051421727349689306e+00,8.153283421178203483e-01
5.003054319288928742e-01,8.789409820833538056e-02,2.565888562580557752e-01,5.111782351222854404e-01,1.060796508209010502e+00,8.167376894220643724e-01
5.007246354340427752e-01,8.829888074205216597e-02,2.569215471263672224e-01,5.114000888750190876e-01,1.066243233825580061e+00,8.179582540806228375e-01
4.998068510580528923e-01,8.757434874261432745e-02,2.577523363079421426e-01,5.106425044004914149e-01,1.056611521426239264e+00,8.208743107767847436e-01
4.990450225129078876e-01,8.708498253552725277e-02,2.573622015420530817e-01,5.101885876372432849e-01,1.050591675693022475e+00,8.193240034937157024e-01
4.984568482181931381e-01,8.688432706913146175e-02,2.576418009487089211e-01,5.094984196407574828e-01,1.048305921074687674e+00,8.199857323415559174e-01
4.979324493406598884e-01,8.709318706445384750e-02,2.568232891727403877e-01,5.089145976716866748e-01,1.051382476052826309e+00,8.172376325220143123e-01
4.983907883788319948e-01,8.750582568637638170e-02,2.557902641073453442e-01,5.094086407307787390e-01,1.056699279280022941e+00,8.137615025788336176e-01
4.973202409615757325e-01,8.718257499162286595e-02,2.552052685540310284e-01,5.085244090812950368e-01,1.052450215822204882e+00,8.121453326619054724e-01
4.965200097046312266e-01,8.714479749165920941e-02,2.546617416851238991e-01,5.075080730004716267e-01,1.052355356639953499e+00,8.107895261729191061e-01
4.959717010281029514e-01,8.720511261036344164e-02,2.550743110474837372e-01,5.065149639358009770e-01,1.054371424678377744e+00,8.119758144388794507e-01
4.961272151623442594e-01,8.724687044065215780e-02,2.560431648201211829e-01,5.069800600212136521e-01,1.055515179518293101e+00,8.142967352465986242e-01
4.961199494230475460e-01,8.710565835322565953e-02,2.561873692487400822e-01,5.067919659707110780e-01,1.053850339350476562e+00,8.149402037172057689e-01
4.960482526396183811e-01,8.704899298770117644e-02,2.556711810623982783e-01,5.065709215756268868e-01,1.053055280518851333e+00,8.129741318549433826e-01
4.952892539734040089e-01,8.674203284069734177e-02,2.544981985081200548e-01,5.058920771307814368e-01,1.048823895721552768e+00,8.093665360003300391e-01
4.948498696593800483e-01,8.713384418251420016e-02,2.532598057413673054e-01,5.054981333522045039e-01,1.054314084362643289e+00,8.057785675791342417e-01
4.946876983265514616e-01,8.752794831288515653e-02,2.530373889038759483e-01,5.055850571031254015e-01,1.059876711280585804e+00,8.053285131303336009e-01
4.939795983515231637e-01,8.747062805279245956e-02,2.531115746559403079e-01,5.050289443229322162e-01,1.059700737567130568e+00,8.054336036882502325e-01
4.944749395337145192e-01,8.639864747229200614e-02,2.527270951472981309e-01,5.054268430362707232e-01,1.044845049145950222e+00,8.047059309122992499e-01
4.943026085021993143e-01,8.648618893060606994e-02,2.526834177269602355e-01,5.056685123403311666e-01,1.045876375973227246e+00,8.053643016889863171e-01
4.940346468398556512e-01,8.693236177238312934e-02,2.523094704213655892e-01,5.054834321202267278e-01,1.051689257673060540e+00,8.044954635150741717e-01
4.940828610582863045e-01,8.760518099718898888e-02,2.524611568991965149e-01,5.054706913200274210e-01,1.061043052655252561e+00,8.050138838573711597e-01
4.943167283532949874e-01,8.761674804224230118e-02,2.531341841252772173e-01,5.057431673997897503e-01,1.060721689863490580e+00,8.066354039455546632e-01
4.939666811347717124e-01,8.763482358376625814e-02,2.526351932311802773e-01,5.050456435953436518e-01,1.060553720460073013e+00,8.051184876285525371e-01
4.929828586225289411e-01,8.730221175482982821e-02,2.508207545778705083e-01,5.041832784311387483e-01,1.055843280876397339e+00,7.996865358434859239e-01
4.922040136274284938e-01,8.685399254999627561e-02,2.518790787242233820e-01,5.034774874062197814e-01,1.049869634097700954e+00,8.027713917445133962e-01
4.914560225277569971e-01,8.663534247629951779e-02,2.525102798293128448e-01,5.026587998076463837e-01,1.047043781348811819e+00,8.043562500948635563e-01
4.909468294168588542e-01,8.729797522694184020e-02,2.522320745014242083e-01,5.020710982126002087e-01,1.056899744197514979e+00,8.036691342628008439e-01
4.910989434061878711e-01,8.713530934445590237e-02,2.519053024430821797e-01,5.021677006978668700e-01,1.054751725742623325e+00,8.025334468076366079e-01
4.906056015071979526e-01,8.719644797606254660e-02,2.510806797942806146e-01,5.020274589207428528e-01,1.055422499225067146e+00,8.000856804436443648e-01
4.909026191007072049e-01,8.737102032177156141e-02,2.511856701867608566e-01,5.021405297461126738e-01,1.058708318510492186e+00,8.006356453231390224e-01
4.902812585632617126e-01,8.701573067514985216e-02,2.520808823293388401e-01,5.015642079988485991e-01,1.054573706399497768e+00,8.035594800652852143e-01
4.903895791973302276e-01,8.710174127625890106e-02,2.535320095383549188e-01,5.016160924771684293e-01,1.056423838052603426e+00,8.081329847393277088e-01
4.899548923239260834e-01,8.663210241264025779e-02,2.534969313431854054e-01,5.010770013773996334e-01,1.050367308267484256e+00,8.082846125803314630e-01
4.904146431520675087e-01,8.666041934856305584e-02,2.536231917525627599e-01,5.012532313564557196e-01,1.051069757422573137e+00,8.089591239044682247e-01
4.905959965211817431e-01,8.689267092318946062e-02,2.534268037183003419e-01,5.016074184574385031e-01,1.054199799822198580e+00,8.084798074029885262e-01
4.901450972808896744e-01,8.761285279622972599e-02,2.532496102688689965e-01,5.014690703788651227e-01,1.065008036581790440e+00,8.077329354912009540e-01
4.904120032143058916e-01,8.765418125739128652e-02,2.532615392766150997e-01,5.016844731158166537e-01,1.066073688772475991e+00,8.076088821293585518e-01
4.896274969522400045e-01,8.713113087406147705e-02,2.526493391730555427e-01,5.010576318334886148e-01,1.059053784161116951e+00,8.055461708728486325e-01
4.885705292252661147e-01,8.618990459987722896e-02,2.519140197074786758e-01,4.999659511600029194e-01,1.045597996639614058e+00,8.033764139459776965e-01
4.881085999977821110e-01,8.574139143516650019e-02,2.506162571460937016e-01,4.995161015151505790e-01,1.039717024383901345e+00,7.999116880021894804e-01
4.879276818771726698e-01,8.572497867814281303e-02,2.505087313500092283e-01,4.993161450396308432e-01,1.039510103171186417e+00,7.998814063496139104e-01
4.878719414184780612e-01,8.602698039953070308e-02,2.497493301086609330e-01,4.991703267118896004e-01,1.043620616014617752e+00,7.976673198566238687e-01
4.877265608616739856e-01,8.660482309464861972e-02,2.501316712154869615e-01,4.991068886891792400e-01,1.051693880261077574e+00,7.989582943527467895e-01
4.873110938442185014e-01,8.676018233884424946e-02,2.499440576773906408e-01,4.989662535219392403e-01,1.053609261864724367e+00,7.985394020152010164e-01
4.871927073764529270e-01,8.698542302274740734e-02,2.498993167165239337e-01,4.988118991105114364e-01,1.056983514952863246e+00,7.985409287399410916e-01
4.876350127485652441e-01,8.632135359488679605e-02,2.510070929162145914e-01,4.989005498883800072e-01,1.047687419982520352e+00,8.023379825942577037e-01
4.875224086719096017e-01,8.602295774826503039e-02,2.512513112372684043e-01,4.989052528217440829e-01,1.042996551878203171e+00,8.024529814332174160e-01
4.871545913459746635e-01,8.601294797586828134e-02,2.516407840080236435e-01,4.987208747465910474e-01,1.042633450418058549e+00,8.034940145950244528e-01
4.868591795371453590e-01,8.645130452892758888e-02,2.503744275354489179e-01,4.983773321310825399e-01,1.048760763447769806e+00,7.993900737471431039e-01
4.868968892474748178e-01,8.677557167936995886e-02,2.504363060394119156e-01,4.982083289317377206e-01,1.053798869643410185e+00,7.993954211064863147e-01
4.861909554777085751e-01,8.687569033606268309e-02,2.499665162806683494e-01,4.975503693159668006e-01,1.055384238988160917e+00,7.979013338693992097e-01
4.861655889565212330e-01,8.647811182159260979e-02,2.500180583737257600e-01,4.974806208715378819e-01,1.050413270783323361e+00,7.976947156042345499e-01
4.858444374209678895e-01,8.633260728424908825e-02,2.496571647384406845e-01,4.974239038129468216e-01,1.048856011916955211e+00,7.965611811359442074e-01
