9.782179183820842727e-01,1.343990243961981079e-01,3.532590362419004149e-01,9.473711075287202243e-01,1.611268322515820417e+00,1.169050688359758672e+00
6.513363382576570215e-01,1.002674952226508404e-01,1.306194571482309219e-01,7.041943927817088111e-01,1.185381030912208367e+00,4.360569334991845070e-01
6.433084279015016671e-01,1.020797157740777616e-01,1.421425811582852361e-01,6.951777823466663842e-01,1.193113425163673691e+00,4.623963138076823687e-01
6.420661726169314409e-01,1.026640032967479355e-01,1.391645096930601566e-01,6.940199889579019565e-01,1.202061031172703354e+00,4.481008915364945722e-01
6.368349256474954423e-01,1.040341293748983376e-01,1.394797264797891789e-01,6.880926406117173766e-01,1.224211381074057359e+00,4.481109861869327915e-01
4.967779781932137873e-01,9.537930187660910442e-02,1.371684646871763336e-01,5.362565414865537727e-01,1.179045300944340013e+00,4.261103536036298656e-01
3.680550231786583470e-01,9.876906460615160477e-02,1.013439184052397912e-01,3.860153462401001434e-01,1.183130417513243104e+00,3.305809665749793180e-01
1.354028387679605538e-01,7.221811915834216999e-02,9.914280181966703132e-02,1.427806022592206514e-01,9.298382050147050437e-01,3.133093411047569443e-01
9.204754926907129930e-02,3.299181794952077418e-02,5.529262945945861291e-02,9.247343939062900586e-02,4.128942658325935877e-01,1.869943745720402672e-01
5.884358006154534471e-02,1.754172014087129056e-02,4.432019426454088945e-02,6.570422668969502777e-02,2.430310345567910091e-01,1.449727297522236391e-01
4.478836953804604670e-02,1.268275788352108378e-02,2.203149275891609638e-02,4.756673430790930857e-02,1.662968933923808512e-01,7.540990471872778544e-02
3.635672780754398148e-02,1.068144729634809033e-02,1.115430795418511679e-02,3.772192781531764905e-02,1.378333341366156095e-01,4.257143873151596203e-02
2.573065297412164068e-02,7.177143053517198897e-03,1.174514986720279208e-02,3.032272399273680530e-02,1.013220600440137981e-01,4.135645489832648347e-02
1.934748646105327596e-02,7.711387306269437865e-03,9.255157673859759626e-03,2.284217208480688460e-02,1.059281738511862331e-01,3.438632912862371604e-02
1.615551981864432260e-02,6.900227846581447402e-03,1.125975672298319512e-02,1.766762572464247033e-02,8.602893475915257548e-02,3.741574770763085589e-02
1.184742919371566290e-02,6.062401558465341928e-03,6.857913202012488538e-03,1.337941163070654159e-02,7.633996424483616150e-02,2.613778408275115733e-02
1.306235570966633730e-02,6.414171556127803292e-03,7.321128422603588939e-03,1.412773349261089995e-02,8.311690440020799708e-02,2.764890483560916712e-02
1.124708665634337537e-02,5.806998564113515296e-03,5.984408284137145324e-03,1.214285674947095106e-02,7.370391174957796609e-02,2.222948483230043071e-02
9.967670206133746880e-03,4.854404019588993285e-03,6.557653833110241477e-03,1.070350430606359197e-02,5.987848753399838825e-02,2.349617546432724788e-02
8.123911496611983460e-03,4.247788253921067937e-03,6.215050463996464256e-03,8.800499460680994909e-03,5.171944212653891565e-02,2.140368885812731978e-02
8.088854838124813831e-03,4.609917923400494791e-03,6.914132546015884333e-03,8.836703437976760334e-03,5.668132340576305384e-02,2.461138231036521726e-02
8.884680730335841117e-03,4.718631823214618909e-03,6.450963298767336054e-03,9.442044708308833592e-03,5.879677409379079067e-02,2.397218281492662084e-02
6.853765065469549431e-03,3.552081691688051355e-03,5.511086084524007694e-03,6.954771401983612412e-03,4.321959407904065603e-02,1.934916564060108410e-02
6.820316444736965883e-03,3.530737401217379570e-03,5.230722607243311340e-03,6.737281903762237269e-03,4.232324164242586007e-02,1.757050026752015812e-02
5.293122125559150681e-03,2.768359661982053993e-03,4.120881336245860865e-03,5.200258479762334164e-03,3.450057123387122171e-02,1.379872918294453542e-02
5.093323823223166145e-03,2.790972163187863033e-03,4.558731486814655322e-03,5.271963359525005423e-03,3.588203355193025912e-02,1.535896552650630430e-02
4.642587839380858325e-03,2.499490513120674034e-03,4.211948154476487238e-03,4.770216883824474410e-03,3.287604592784750673e-02,1.437592504716082333e-02
4.840264872484563267e-03,2.581898894341586904e-03,4.388490371353913864e-03,5.074374885178411891e-03,3.342628406909865096e-02,1.497917556705371037e-02
4.568085853720241576e-03,2.547365650469432009e-03,4.204128174813063015e-03,4.692410965146662401e-03,3.189444779604230090e-02,1.418219940347549210e-02
4.211043866391256732e-03,2.597685861166282566e-03,3.639455778220651756e-03,4.279213215257963825e-03,3.246461355363468998e-02,1.233154128696287329e-02
4.429102558467928018e-03,2.486833177165131015e-03,4.158207805410060395e-03,4.667376123836370835e-03,3.110888319367478491e-02,1.392250801128183321e-02
4.762079876361999253e-03,2.600620997464580652e-03,4.145610738502380870e-03,4.913308960617339058e-03,3.156324397750409627e-02,1.383217331614542550e-02
4.047849923747128334e-03,2.338181087147357846e-03,3.826818122686747540e-03,4.092016882235862893e-03,2.852225702060154702e-02,1.278594725163991440e-02
3.568895197563492355e-03,2.217787819367022292e-03,3.757875372522846702e-03,3.622342284156570419e-03,2.748195039029912787e-02,1.256820525295962096e-02
3.847366284108161977e-03,2.214728020725631723e-03,3.477087417991766433e-03,3.876223658460491248e-03,2.772887659209039013e-02,1.186645664806382748e-02
4.212620992487692111e-03,2.167353313873569397e-03,3.579579477568386580e-03,4.399189868155636320e-03,2.708505983924980320e-02,1.213318831501454705e-02
3.723366608291625926e-03,1.957922787930107406e-03,3.490024389363182312e-03,3.842013143226346173e-03,2.485448901422025389e-02,1.184040826915780213e-02
3.294477084505966543e-03,1.960429966855604337e-03,3.453008904364807032e-03,3.494011188739775970e-03,2.425890672949954086e-02,1.182306883058054092e-02
3.362807319873991219e-03,1.983371558375887460e-03,3.361079238095029259e-03,3.614039195730949557e-03,2.392119141885993769e-02,1.147326404552391488e-02
3.238842292902663952e-03,2.031687911502103733e-03,3.113510245392306190e-03,3.603199257498375125e-03,2.403129227992150188e-02,1.059203115541656505e-02
3.407609273988376070e-03,1.999921278859122416e-03,3.158149758603527937e-03,3.685487243242770855e-03,2.395466687663391075e-02,1.073396354926649775e-02
3.233189832863392430e-03,2.001230448094563734e-03,3.030619458477097020e-03,3.579266510191970053e-03,2.375249096713839825e-02,1.034731524887897922e-02
3.333831086052117462e-03,2.054944192458179122e-03,2.912434590337725521e-03,3.640794768962923433e-03,2.442179146148006769e-02,9.885761601108607188e-03
3.297518086157960257e-03,2.044315643408948623e-03,2.927000382326730085e-03,3.548704113920509058e-03,2.439909244996487162e-02,9.890337354446474688e-03
3.411798064504107959e-03,2.049715775306585122e-03,2.787916730116990829e-03,3.629667647693720321e-03,2.423072704935931923e-02,9.402541157928656634e-03
3.516078919043790895e-03,2.095110161781234097e-03,2.966179450690894105e-03,3.699963086471295959e-03,2.462489510819693833e-02,9.967109492424807565e-03
3.423832153837896766e-03,1.905301523013994179e-03,2.955179313771163618e-03,3.569493266741898506e-03,2.292314328168309004e-02,9.893457606608990068e-03
3.083436902979919299e-03,1.798839184130736476e-03,2.799834124809306730e-03,3.232772194904378303e-03,2.205256618597560905e-02,9.430677857584363055e-03
3.027347718321592423e-03,1.836173299129983776e-03,2.668658803153387080e-03,3.203854570662049636e-03,2.216730503485592890e-02,9.044204612211491703e-03
3.063300342052445099e-03,1.695184347158672005e-03,2.625375096861664193e-03,3.270648108909582439e-03,2.045034996819723033e-02,8.975553446189082907e-03
2.901673340204761076e-03,1.611196173569967929e-03,2.605307786734461714e-03,3.043711506867328217e-03,2.016732589669372605e-02,8.849832717451931383e-03
2.802882722111784894e-03,1.502811505352633602e-03,2.564369680912597944e-03,2.923998754016533808e-03,1.891921572240036833e-02,8.639508496443359248e-03
2.988044871054906185e-03,1.555659143883754772e-03,2.551125273098333885e-03,3.125814464184027350e-03,1.955897208557419442e-02,8.536354296331266286e-03
2.654392406450608189e-03,1.351597129125288108e-03,2.422008979387943808e-03,2.797187225257867938e-03,1.784470623496714134e-02,8.205521982871031433e-03
2.863710086807857123e-03,1.421958666664832139e-03,2.327084821759058467e-03,2.957030014120833657e-03,1.839651967073085634e-02,7.937538087783121976e-03
3.006704870434594862e-03,1.403956567299914984e-03,2.221696424613508417e-03,3.110497408198642250e-03,1.786760400698438056e-02,7.656254774500699176e-03
2.763893237045138632e-03,1.344550809050893466e-03,2.196810814308375933e-03,2.892725003760644210e-03,1.714229708691278331e-02,7.631261422347556528e-03
2.504718866138145976e-03,1.199201541025892706e-03,2.251700511246863996e-03,2.611011776650296479e-03,1.565479705356678450e-02,7.814565281751326142e-03
2.429531520513111744e-03,1.206886781981309463e-03,2.134319118697444208e-03,2.509326879554445427e-03,1.556095991716850181e-02,7.358810568962124293e-03
2.522590804300186250e-03,1.259390114385916309e-03,2.070770126511181294e-03,2.634836342425205587e-03,1.627654519990862081e-02,7.184656911719479629e-03
2.519754626526749235e-03,1.279082792926934144e-03,2.081157947413559643e-03,2.611018533078668987e-03,1.616986918464432751e-02,7.337267416059892015e-03
2.593890134697561436e-03,1.371437342499936271e-03,2.092012453800023031e-03,2.659594489858153540e-03,1.717692766977526458e-02,7.301873870487800289e-03
2.545257499387067711e-03,1.420050332631574803e-03,2.078862231287582300e-03,2.662855581439267389e-03,1.752413956261001174e-02,7.422954083286473041e-03
2.566434531723844892e-03,1.338156359435680723e-03,2.097854391663772286e-03,2.673227078934296407e-03,1.670175706585650538e-02,7.375026613038080173e-03
2.495495694478321556e-03,1.289453217851072118e-03,2.088703512669216021e-03,2.621367874708436206e-03,1.593254692062366640e-02,7.268830060651125177e-03
2.468983068104543387e-03,1.309016335282247147e-03,2.149824222174588888e-03,2.607664770362882415e-03,1.606280490889750237e-02,7.450909086483606218e-03
2.551704198393959806e-03,1.313902785643984153e-03,2.096308251515754256e-03,2.676405681469627446e-03,1.609453441312459418e-02,7.250120162262563284e-03
2.431317173331353290e-03,1.260375947155740767e-03,2.180669041861610629e-03,2.564985866890548156e-03,1.552119333081254660e-02,7.522433448882711628e-03
2.423940899001147693e-03,1.302642695357277090e-03,2.087643684312608452e-03,2.562270922650794914e-03,1.568484929613190790e-02,7.212346593397840969e-03
2.413182165966718494e-03,1.285505685142631369e-03,2.034070551968350168e-03,2.549898060921851860e-03,1.542574670108045991e-02,7.020178872198080434e-03
2.254510040063223506e-03,1.248103873544730230e-03,2.089301809290289736e-03,2.418727941838458642e-03,1.495090275020077679e-02,7.165121281226032035e-03
2.194190051234127994e-03,1.179223171332188531e-03,1.990947632086245180e-03,2.354353862137689365e-03,1.419104181269540549e-02,6.828862981845686998e-03
2.330140631862524184e-03,1.219920371519827912e-03,2.056241822359965599e-03,2.439620882258036576e-03,1.473347030519430063e-02,7.089167242716423734e-03
2.356888124322983023e-03,1.204414088621459135e-03,2.070214894160996456e-03,2.511844072566591247e-03,1.451392561839029947e-02,7.214301500468990255e-03
2.545219231364626283e-03,1.326008203180599997e-03,2.107675507060426459e-03,2.689580198191677055e-03,1.583670577823828932e-02,7.365114559830452691e-03
2.588736954322185414e-03,1.327239199133791294e-03,2.075173117648675559e-03,2.692165731901728296e-03,1.576379491516761294e-02,7.184899438386019126e-03
2.258470542342827601e-03,1.263959226954491054e-03,2.118315722458668799e-03,2.398295233792964963e-03,1.498716285114002136e-02,7.164074640875104164e-03
2.308627746984812275e-03,1.243105202276090183e-03,2.112880089545937212e-03,2.421399723539459110e-03,1.479571200956535278e-02,7.124449155255489601e-03
2.207622947402497395e-03,1.228108662092650995e-03,2.050966615137202013e-03,2.305241724959140003e-03,1.462677252124516131e-02,6.898138692854354458e-03
2.065263016979486301e-03,1.212203992194124842e-03,2.101355486011125071e-03,2.166397564199082013e-03,1.446478199271354105e-02,7.007292507773814350e-03
2.012053553739845835e-03,1.194009478143369732e-03,1.933720035433249534e-03,2.127004847195232851e-03,1.431617928353423261e-02,6.476989391257431672e-03
2.058130985920301158e-03,1.255851007696970551e-03,1.955963766045293838e-03,2.133977573307495670e-03,1.502151985553352651e-02,6.576962432637107128e-03
2.018285505847849590e-03,1.228313898452777862e-03,1.965094172817300096e-03,2.102002495710015954e-03,1.473480164459309988e-02,6.638134089982512288e-03
1.950022220880433125e-03,1.230964178047894543e-03,2.077763808520702912e-03,2.045056037256174231e-03,1.474681837434470462e-02,6.974038887122799811e-03
1.947364833566998452e-03,1.213438657151760585e-03,2.032668886242307901e-03,2.028110992688911176e-03,1.467839322360333862e-02,6.820865688159440630e-03
2.023471937827156855e-03,1.247392601503433595e-03,2.056726720958850386e-03,2.086809923281363922e-03,1.507040179244470771e-02,6.870129701169516538e-03
1.963567505173726031e-03,1.255599917875179980e-03,2.106744387995237305e-03,2.024182040991343370e-03,1.513382531487736382e-02,7.049090194857177312e-03
1.945959692680778981e-03,1.261104301485422869e-03,2.067140066893142364e-03,1.992519324026293965e-03,1.516946317606674907e-02,6.917569305758451692e-03
1.978305355913688793e-03,1.269906938566201437e-03,2.128959279443713975e-03,2.032437771558799275e-03,1.513234448425327706e-02,7.148855491564108829e-03
1.834243056740104526e-03,1.218567484348654978e-03,2.094831659018492245e-03,1.916730345494614641e-03,1.467177584669454929e-02,7.051301036670608660e-03
1.828320554994575502e-03,1.223348280527461257e-03,2.079904348406903629e-03,1.912589259732550917e-03,1.475049732567259089e-02,7.008325811483934881e-03
1.772640974359830039e-03,1.201013234504069932e-03,2.067952534875020214e-03,1.899095268001919218e-03,1.451982837030584179e-02,6.934329827015272597e-03
1.801485499316735116e-03,1.193706210318297174e-03,1.947428705064473782e-03,1.910548097386211702e-03,1.453598961740753918e-02,6.541689503653304663e-03
1.796843320076447342e-03,1.181578937113682195e-03,1.932850765094276191e-03,1.911122996339376578e-03,1.440774734083887301e-02,6.492597017973306996e-03
