1.044570776206607876e+00,2.748325151454514281e-01,4.328435650968618376e-01,1.036692139049281591e+00,3.305655041753411627e+00,1.513814717748935834e+00
6.100015871507843412e-01,8.728062895140877020e-02,3.246350867988730959e-01,6.246994091538863314e-01,1.046113821613455785e+00,1.056536885046937435e+00
6.112127140940573078e-01,8.591525461904647720e-02,3.298006091516313409e-01,6.262810765192260432e-01,1.040301453574726809e+00,1.067838522129163970e+00
6.094231297372553202e-01,8.593104494132615401e-02,3.295001884606794107e-01,6.246751908835386224e-01,1.037643023247025287e+00,1.066526445108621157e+00
6.072673995753611331e-01,8.514528710106089582e-02,3.341840090816183828e-01,6.223377002165934035e-01,1.018088563099752264e+00,1.079900732892347559e+00
5.953860145674533255e-01,8.660161345350363138e-02,3.257674152643282306e-01,6.162183678051692537e-01,1.043017763392513952e+00,1.045346715580714569e+00
5.881736169725805263e-01,8.760755360963257132e-02,3.106752887823280296e-01,6.122359219619178949e-01,1.047048515291424620e+00,1.000235579176115719e+00
5.753641520997528902e-01,8.680039735959310665e-02,2.902725168113758358e-01,6.013914678223148957e-01,1.036995486338675443e+00,9.367678314112425353e-01
5.651192169927021780e-01,8.586494222942503418e-02,2.825941689469320672e-01,5.903349114807537878e-01,1.026156470046625024e+00,9.172082997475164978e-01
5.556781217104143078e-01,8.562557569010810499e-02,2.827144509171221620e-01,5.803958592943836425e-01,1.034064629321406636e+00,9.184094451649321700e-01
5.434060756287006910e-01,8.626055804622455303e-02,2.717545728614066958e-01,5.659661616403766082e-01,1.040854843463683510e+00,8.865662154931129857e-01
5.326068154816274713e-01,8.700305015374347473e-02,2.676217275172130261e-01,5.525113696562016230e-01,1.054406540690552285e+00,8.798477902231346404e-01
5.217337675136902719e-01,8.618192953149732272e-02,2.652580970931614490e-01,5.390789951101851996e-01,1.042773968463982071e+00,8.713785561575386751e-01
5.134634292734042704e-01,8.648271817997206512e-02,2.583482856839438013e-01,5.291051976109770738e-01,1.040855636681805585e+00,8.507917529315289773e-01
5.035923449444524858e-01,8.754534221725605858e-02,2.526938948711118238e-01,5.191808892268092723e-01,1.057902490991559086e+00,8.343138568131949206e-01
4.962473471510498446e-01,8.665027641918650325e-02,2.582095114783263812e-01,5.116283971977060308e-01,1.045576877316276798e+00,8.470122352861485515e-01
4.872250851234266600e-01,8.675750665050295518e-02,2.578600074801811193e-01,5.016790051159616404e-01,1.050170921018713566e+00,8.453639784008593061e-01
4.787393324036387510e-01,8.688059571107473178e-02,2.587741933065053068e-01,4.930097419562530225e-01,1.051293200886649792e+00,8.488335523187723330e-01
4.695557173008573781e-01,8.713966039999734847e-02,2.548983896087805845e-01,4.823954182956171066e-01,1.052930996501688643e+00,8.407794434801513228e-01
4.634795830612580825e-01,8.720875739044857411e-02,2.563515527694055773e-01,4.775109875361537859e-01,1.058658445225110878e+00,8.443938535326277472e-01
4.576023007015750377e-01,8.704947685983280281e-02,2.546173487111801914e-01,4.721707908766315520e-01,1.058195099955539842e+00,8.401112636260423816e-01
4.482556000023293352e-01,8.613897202318136770e-02,2.556312272061295743e-01,4.623258032173523935e-01,1.048354065192205864e+00,8.407309010465957577e-01
4.419673031901862337e-01,8.616336888533099314e-02,2.511951713843608713e-01,4.552873858840075783e-01,1.050078758983959970e+00,8.308723955183272558e-01
4.388966028058364777e-01,8.676467017647992996e-02,2.505860997005445179e-01,4.525601752883518514e-01,1.051613471782699927e+00,8.299523347868505985e-01
4.344849060940904617e-01,8.572639457201677859e-02,2.501993311501191086e-01,4.489920339025995633e-01,1.035494494199810767e+00,8.290016033065418233e-01
4.296682173174165564e-01,8.642293188196334408e-02,2.505143752350833530e-01,4.435659835104890369e-01,1.048412581980168179e+00,8.305920498245074057e-01
4.281589658491086192e-01,8.606719488402309048e-02,2.530447009127578251e-01,4.421476014658450859e-01,1.046826091287616389e+00,8.364170270650763683e-01
4.248421993030973565e-01,8.505942168725288965e-02,2.517822746768563213e-01,4.396663350379068635e-01,1.028034925921660125e+00,8.336205499106117411e-01
4.189342590400060296e-01,8.592559110750505602e-02,2.537455778197102441e-01,4.339601951560819737e-01,1.043220215144970542e+00,8.398771723774295372e-01
4.163128612359078273e-01,8.630642108836873716e-02,2.554835402085227636e-01,4.317744930625909139e-01,1.051752695411768190e+00,8.440766732521484128e-01
4.147062570118700831e-01,8.535320834412614410e-02,2.554602375400699676e-01,4.298140818001138785e-01,1.032724480852650117e+00,8.442531889772471043e-01
4.112862570942967810e-01,8.641546580114566056e-02,2.571385631349594192e-01,4.269599080871279706e-01,1.043174772807033523e+00,8.490265875787225136e-01
4.054787366369352886e-01,8.573069166012330100e-02,2.597984066106479029e-01,4.215232437010942856e-01,1.032703280317246897e+00,8.563390215668295058e-01
4.008636747098018871e-01,8.560414009588868112e-02,2.594533731806620835e-01,4.160074102971217935e-01,1.032898893685746833e+00,8.559868772468524067e-01
3.985050715166877366e-01,8.677254248532710601e-02,2.603855920377149413e-01,4.139717582899204995e-01,1.053578145151293777e+00,8.586508795356170287e-01
3.943623511072472665e-01,8.662754190038013391e-02,2.624077070368941444e-01,4.103050732563039982e-01,1.054233410181698583e+00,8.656230655449309586e-01
3.921517094849626961e-01,8.565938329685006403e-02,2.650971022875834859e-01,4.072601876193762682e-01,1.039500809326593389e+00,8.706946336898129246e-01
3.912579133622730576e-01,8.535861690531205970e-02,2.662698692353220875e-01,4.047679393702680595e-01,1.036184565743550667e+00,8.746261207245444869e-01
3.875437726175798292e-01,8.568961338830005658e-02,2.632840979223098898e-01,4.015044005591658638e-01,1.042841670451549074e+00,8.695592033365705520e-01
3.824903570897736915e-01,8.674831222791898333e-02,2.680175094802387248e-01,3.965465362489026258e-01,1.061286514238669154e+00,8.812746600590115609e-01
3.803578883908858010e-01,8.740146766540905776e-02,2.681069995724050248e-01,3.943956338745925883e-01,1.073415780595065039e+00,8.825067944958115973e-01
3.801342809826623315e-01,8.740129416281854080e-02,2.669658621645371044e-01,3.934898444021897035e-01,1.076228637087476958e+00,8.817080174339806398e-01
3.787431550715293915e-01,8.644864796472284674e-02,2.652917534346238004e-01,3.913275523908318343e-01,1.063763496077441362e+00,8.794915352763611471e-01
3.773757089632696071e-01,8.634137001258902766e-02,2.664440746976525221e-01,3.903834975581091937e-01,1.062592507383401497e+00,8.820074923067190431e-01
3.764683661474302889e-01,8.682689505193222357e-02,2.686216370647981355e-01,3.896210520381941933e-01,1.068457269365795659e+00,8.861366193313178208e-01
3.745810683181013401e-01,8.705954293894949125e-02,2.702436899136064774e-01,3.882397885927899028e-01,1.070200782800152517e+00,8.894243702142161645e-01
3.702025664455150245e-01,8.735092719400848471e-02,2.695593965456660746e-01,3.844367982116155269e-01,1.073131276181504390e+00,8.880097777887063781e-01
3.684176290346503069e-01,8.740208895092126118e-02,2.681832276042622198e-01,3.820079701696971197e-01,1.074098765740374883e+00,8.852370135395334350e-01
3.673502018312226891e-01,8.797772108952188475e-02,2.698352669008185489e-01,3.802509822838874287e-01,1.082610169926191634e+00,8.890430670754103648e-01
3.659560370991553624e-01,8.718616375236169780e-02,2.698073369356753792e-01,3.795108886313854346e-01,1.071953287461945736e+00,8.904275638490909417e-01
3.663452290693560154e-01,8.600277964293080724e-02,2.698105670168384207e-01,3.799311318342606381e-01,1.054555135667827770e+00,8.903124303761800196e-01
3.633909152046135294e-01,8.597170877708747161e-02,2.679352839640049000e-01,3.779320135100212585e-01,1.051470848144474557e+00,8.834048894646379102e-01
3.610524209460621581e-01,8.668212246707128477e-02,2.629812042971257924e-01,3.762543743078757275e-01,1.060167034985907586e+00,8.724875880019578034e-01
3.579801064948961997e-01,8.709383786633710656e-02,2.620059971417813549e-01,3.739161412871178647e-01,1.064006182267012823e+00,8.709480862143710311e-01
3.560314634313258564e-01,8.700849885331843336e-02,2.655434751141655392e-01,3.723217835199218451e-01,1.060081046212557832e+00,8.788820158560737283e-01
3.534026220747147895e-01,8.666768014590407743e-02,2.674924618815964772e-01,3.700522051653281075e-01,1.052750752618166530e+00,8.832222791555155439e-01
3.525031056016154074e-01,8.585254210324887170e-02,2.678289814269135261e-01,3.684237478746191230e-01,1.039210467582788455e+00,8.837807575700454832e-01
3.518880876983052630e-01,8.520572771269852019e-02,2.679960513178490378e-01,3.677111289572961295e-01,1.031766606042384238e+00,8.845615534441930716e-01
3.508583804847115739e-01,8.586964074593840535e-02,2.683427540169129322e-01,3.667392291402083448e-01,1.042165755893997625e+00,8.834650111023103491e-01
3.501409288270323494e-01,8.605874264410326435e-02,2.674819398889929367e-01,3.666424945860141116e-01,1.044344683354559766e+00,8.807021558448178133e-01
3.494531313065244449e-01,8.651694678427436502e-02,2.669725948460902609e-01,3.654329771214585021e-01,1.049486797575919006e+00,8.787394848231050437e-01
3.495579957202475940e-01,8.620616582631999980e-02,2.664837466384799014e-01,3.653960733659697979e-01,1.044621798351900166e+00,8.781686232335081943e-01
3.492937548768348388e-01,8.584173007400620892e-02,2.661294199567953433e-01,3.650492101437394221e-01,1.039483415110746156e+00,8.774955954957849302e-01
3.500792843806003751e-01,8.581128338613770723e-02,2.659296111036388299e-01,3.662748841727487825e-01,1.039730803436536011e+00,8.768744604163046796e-01
3.508205984947309064e-01,8.600541274967066219e-02,2.667087560320300366e-01,3.669411880908034496e-01,1.041129330720978574e+00,8.788130464261573183e-01
3.498258058478805888e-01,8.660985766722766044e-02,2.665355260645771995e-01,3.659934126290737555e-01,1.048309941775342757e+00,8.785399455498770216e-01
3.487471734492201270e-01,8.693725551134934282e-02,2.658817837762493252e-01,3.652210518928286076e-01,1.052147720082684534e+00,8.764786255739472898e-01
3.488014887623557825e-01,8.637572140947334665e-02,2.658227716239044414e-01,3.653336432716577931e-01,1.044052210969803163e+00,8.762030993306584303e-01
3.484919328301304686e-01,8.584257255372977624e-02,2.655328639929975809e-01,3.654406477190314528e-01,1.035354083118922963e+00,8.757321054908570046e-01
3.477336291414785951e-01,8.513985329064520380e-02,2.648032134925753511e-01,3.648707781060747113e-01,1.024950141642531731e+00,8.738551879240200604e-01
3.465452338920362307e-01,8.506425319680542552e-02,2.654095678446408701e-01,3.635891119994222320e-01,1.023002796091543098e+00,8.751357437345201884e-01
3.453325292314735062e-01,8.515207666302335165e-02,2.657301932023237723e-01,3.624161067208527820e-01,1.024284311197570130e+00,8.758988322218242972e-01
3.429971643088148836e-01,8.558570085809480421e-02,2.649619675970704691e-01,3.607647103710391878e-01,1.031175939301302691e+00,8.739649807797759129e-01
3.413705820292423088e-01,8.593064047336979039e-02,2.627644005529956583e-01,3.597299279373001313e-01,1.037899734503065163e+00,8.693410863950490342e-01
3.392848498133564372e-01,8.628765824962794651e-02,2.613911973994295090e-01,3.580334609216958563e-01,1.043310229273898493e+00,8.667691323632555900e-01
3.384207739816019189e-01,8.647373583005656117e-02,2.597555734006043449e-01,3.571040604993562240e-01,1.046063306589515740e+00,8.631869560719132028e-01
3.380054826153534031e-01,8.599336358008481673e-02,2.599207048229953410e-01,3.568175492102748092e-01,1.040714972816291439e+00,8.636647624481742502e-01
3.370874408521524201e-01,8.531809962448533291e-02,2.615253784748008958e-01,3.562033787814138375e-01,1.032810791329085598e+00,8.667942445991236866e-01
3.366282412035231930e-01,8.497389603276758741e-02,2.632792728749099309e-01,3.560594191964771005e-01,1.029376614581904770e+00,8.703268098598396785e-01
3.354421209769704593e-01,8.499840386353850474e-02,2.631382550969026402e-01,3.554610887206955394e-01,1.029842419372449802e+00,8.696763792388871872e-01
3.364562684396694148e-01,8.544050255674130734e-02,2.642072616158130938e-01,3.558670636733251014e-01,1.034038378543144399e+00,8.720891680639943910e-01
3.352118795128173900e-01,8.594642167069928285e-02,2.642752129377916037e-01,3.552703289145444643e-01,1.040285049761780600e+00,8.722164143725888996e-01
3.360393782387690598e-01,8.589960054658740685e-02,2.647432550277410424e-01,3.556920626450830181e-01,1.039459160945001903e+00,8.731862117023051484e-01
3.356312068438628282e-01,8.586638528063102183e-02,2.632037444933102988e-01,3.551244906682967661e-01,1.038740754278409506e+00,8.695116393008708311e-01
3.343122358767176561e-01,8.556598086461504604e-02,2.629630323134790615e-01,3.539717242928024366e-01,1.034615178277550562e+00,8.692314751619067970e-01
3.332231758746217465e-01,8.517265145086765077e-02,2.623648416063004141e-01,3.529012026876569008e-01,1.028841857733692189e+00,8.686445507636253449e-01
3.314486906235541430e-01,8.500077851232984427e-02,2.617980291329540243e-01,3.513624428490170204e-01,1.027344115945618030e+00,8.672967253210128735e-01
3.292749065762433092e-01,8.494611771973938075e-02,2.622080103008953555e-01,3.495701720454836292e-01,1.029489892427539077e+00,8.676896907713204099e-01
3.276946835439643047e-01,8.530311228553365266e-02,2.625408958219058175e-01,3.484915725506493867e-01,1.036210799347593081e+00,8.686083128599747516e-01
3.271556214196934542e-01,8.564212368720965085e-02,2.625573337762704962e-01,3.485338712072617584e-01,1.044581839477537910e+00,8.699010496155922256e-01
3.273314102582214336e-01,8.577096344399251504e-02,2.631029137387422834e-01,3.486517241306711368e-01,1.047762717772646957e+00,8.714460096288210167e-01
3.270557604617106429e-01,8.631023557352869580e-02,2.638880624279290599e-01,3.483144474724124140e-01,1.056520186732876621e+00,8.740436194947915904e-01
3.273157981536290451e-01,8.620224240634836999e-02,2.633969523639128063e-01,3.482951008568262452e-01,1.055489895586382731e+00,8.732622719159349733e-01
3.265108291212166503e-01,8.590121151359648988e-02,2.637123432788897603e-01,3.472513658133896119e-01,1.054954946761891499e+00,8.743279276507894826e-01
3.270844767328412450e-01,8.540411442848801216e-02,2.644107136727848473e-01,3.473487402619983011e-01,1.049640226589582337e+00,8.763238405594752090e-01
3.267312810554101610e-01,8.517223023439075835e-02,2.641147054826233354e-01,3.463979461935793869e-01,1.046516995219313850e+00,8.758233603210830998e-01
3.257925768001896372e-01,8.527528842306092427e-02,2.643490563445423103e-01,3.463398902804866175e-01,1.048734819681890196e+00,8.765326241294610909e-01
3.251814664742491146e-01,8.560675548988244676e-02,2.644633226752978183e-01,3.458071265598450239e-01,1.054237348766570825e+00,8.763417078399723392e-01
3.238122164642385226e-01,8.577237519059312254e-02,2.640183361519575778e-01,3.449425323570083357e-01,1.056743500614312214e+00,8.748118857106251811e-01
3.229851249609236863e-01,8.586708749250006323e-02,2.644697373691112241e-01,3.440636818762647375e-01,1.057701779329228264e+00,8.763882545853037831e-01
3.227971876782749772e-01,8.639425935146619051e-02,2.640481390498972680e-01,3.441923343003363556e-01,1.063825076853976759e+00,8.766738964479731111e-01
3.226336653396723042e-01,8.634533069926143833e-02,2.635515581685274333e-01,3.442816215244688949e-01,1.063005176848785815e+00,8.762757569001626834e-01
3.216842291716425772e-01,8.613561415459509985e-02,2.641364338354632024e-01,3.443677543732125979e-01,1.059081799124771406e+00,8.772437592630469849e-01
3.224323061359754550e-01,8.595881726481893748e-02,2.648742199941708786e-01,3.450116440802588058e-01,1.055942450818710521e+00,8.788253046348686315e-01
3.226891915127862442e-01,8.579706051281212054e-02,2.656764092361866281e-01,3.454035237975031647e-01,1.053597882287580001e+00,8.798302381893309265e-01
3.220098272655400051e-01,8.567959658436395676e-02,2.662334939243993226e-01,3.447593504697525901e-01,1.051846992419686933e+00,8.809963751837261992e-01
3.219864657265939512e-01,8.572681244125306133e-02,2.658343608372572553e-01,3.446073158356655619e-01,1.052038479796661985e+00,8.799879790545876990e-01
3.212066516329966648e-01,8.594678886865571299e-02,2.652094311619797584e-01,3.442614496139399516e-01,1.054270534349630362e+00,8.785231111166892370e-01
3.195993714132880914e-01,8.624422519910793228e-02,2.650667553683913602e-01,3.427499575906348683e-01,1.058646160051588625e+00,8.780743985449902533e-01
3.186659875499097683e-01,8.646023030015008437e-02,2.655509610726560776e-01,3.422489519515829470e-01,1.061755146544019368e+00,8.792011128609126258e-01
3.190778752319181066e-01,8.651118071132868348e-02,2.658058803461548769e-01,3.423240457320447239e-01,1.062812265474317286e+00,8.799635612369454130e-01
3.210188534879350186e-01,8.645651113903413121e-02,2.665027911294335361e-01,3.434073257234902532e-01,1.061551841012381869e+00,8.821716557003790316e-01
3.222828379506376684e-01,8.622842531816711509e-02,2.678004356361446958e-01,3.440441214129698611e-01,1.058797795729701896e+00,8.853717887861368707e-01
3.217932049356290181e-01,8.620411191520338523e-02,2.685434027070435214e-01,3.434795554210354762e-01,1.057647526678668681e+00,8.868815500538567154e-01
3.214675119439575068e-01,8.603728686321714114e-02,2.687655075101526569e-01,3.430781301529201022e-01,1.054951814804763188e+00,8.864950544741792005e-01
3.208771667882066025e-01,8.582599124462804430e-02,2.688362109719611981e-01,3.425239485188154021e-01,1.050948970203696042e+00,8.857894943274920996e-01
3.207455856957758256e-01,8.570883273335867802e-02,2.693206233516391435e-01,3.419657323502326984e-01,1.048396710055679470e+00,8.866539811562095252e-01
3.209154971139805412e-01,8.560062129234760619e-02,2.692222797613724183e-01,3.420663918775868062e-01,1.046149051534998708e+00,8.864087196625829446e-01
3.205398936718811265e-01,8.552454282290827825e-02,2.681180412997632989e-01,3.416470206746347604e-01,1.043690219918159690e+00,8.838950667795074656e-01
3.208778086735205592e-01,8.547772818494532576e-02,2.661354791111845142e-01,3.419061712520143903e-01,1.042433686594248732e+00,8.794968307031066912e-01
3.194519977241041531e-01,8.563903856237889411e-02,2.637729298650862142e-01,3.409780447187469310e-01,1.044042186435184982e+00,8.736122637503441757e-01
3.191453018608455539e-01,8.577294197920871943e-02,2.629720246905387082e-01,3.404550317022656536e-01,1.045203089207588754e+00,8.717693711561362857e-01
3.186584118196917892e-01,8.589649821312909939e-02,2.622892938460257839e-01,3.399454431831908097e-01,1.046061897815725006e+00,8.700004727594531362e-01
3.180800006756885900e-01,8.590716259093654494e-02,2.619299750003208915e-01,3.394282238698407839e-01,1.046084147566466616e+00,8.693353372458219042e-01
3.167796991707284016e-01,8.593448308064377539e-02,2.617850194150063148e-01,3.386232664187360242e-01,1.046297593920499480e+00,8.694239184351770788e-01
3.160023212449532548e-01,8.596293478563953039e-02,2.623947212780242122e-01,3.379777286337061204e-01,1.046023751405929403e+00,8.710621486608336461e-01
3.157128810569384547e-01,8.597483910763598081e-02,2.636385153348527188e-01,3.375885070375940211e-01,1.045566396134730347e+00,8.737594972796938197e-01
3.152885519913832257e-01,8.604233118816942416e-02,2.649539110066722603e-01,3.372179914304555548e-01,1.045917402131574026e+00,8.766159323811183457e-01
3.149748107275570641e-01,8.609561550232691651e-02,2.661135907949284674e-01,3.374330786095622869e-01,1.046658972865053716e+00,8.798114831513551559e-01
3.153050423662582813e-01,8.628819675332131955e-02,2.677812290271726070e-01,3.377956472153588185e-01,1.048680007250478274e+00,8.841851829932062534e-01
3.157630729235765266e-01,8.650601808763738743e-02,2.684181586778092155e-01,3.383575541429592604e-01,1.051622176809309694e+00,8.860816864180119934e-01
3.151315835053593584e-01,8.664459172160345057e-02,2.685954462605862902e-01,3.377878287928614554e-01,1.053222602680253361e+00,8.861967467602507309e-01
3.144134538175191729e-01,8.678282704407874748e-02,2.682247231526955766e-01,3.370632966273095499e-01,1.054242785729210263e+00,8.847825226827525924e-01
3.145046156864147457e-01,8.680700920831473100e-02,2.670622159227346581e-01,3.373096694931694284e-01,1.054222237795890083e+00,8.815823713920117877e-01
3.141815601733013996e-01,8.688579520956539459e-02,2.664317248475249755e-01,3.371881686704539249e-01,1.054752303091708754e+00,8.798585524019880699e-01
3.147956438469559082e-01,8.662879366977122020e-02,2.656795859346301469e-01,3.379249577121520298e-01,1.051002731565926052e+00,8.774939224856661557e-01
3.149171469740878471e-01,8.640345858481496277e-02,2.653972345207129546e-01,3.380143610134661580e-01,1.047892180392928196e+00,8.764383457713159631e-01
3.157916859878752702e-01,8.611282736474985822e-02,2.640846275170689039e-01,3.386167366709136872e-01,1.044322057797579806e+00,8.730716848076127690e-01
3.158028598789326402e-01,8.602545410343800936e-02,2.627465172337023480e-01,3.382075107438274886e-01,1.043850772788050829e+00,8.699462060817263476e-01
3.154105054029158750e-01,8.592715969011380239e-02,2.618027231214802852e-01,3.378564318614241113e-01,1.042712290612830106e+00,8.676486982470540399e-01
3.142897138232561005e-01,8.601819123599610539e-02,2.608666638505507951e-01,3.368594141726207192e-01,1.043686542233932313e+00,8.653741083475173790e-01
3.138316535783177708e-01,8.618311979318496463e-02,2.607270700122676366e-01,3.366147282840020183e-01,1.045408089525701634e+00,8.650480457052340810e-01
3.151063482224781276e-01,8.625132493168068126e-02,2.609854517068044832e-01,3.376205424498412988e-01,1.045904220713595123e+00,8.654624843925698974e-01
3.151901564313193127e-01,8.644966418820988763e-02,2.603379795675977437e-01,3.378837306459543388e-01,1.047760795837406445e+00,8.637234347546236535e-01
3.152181891908239497e-01,8.663781155913134746e-02,2.615790236723223305e-01,3.373828273660158250e-01,1.049236789564012895e+00,8.659582557769268663e-01
3.148119279424619332e-01,8.696115407566809563e-02,2.623604566849498942e-01,3.370528466020619174e-01,1.052376420005697311e+00,8.672517197573916814e-01
3.138086040435650870e-01,8.714816435134509209e-02,2.627374225682496123e-01,3.361606499641639489e-01,1.054123356971781167e+00,8.677645921220387137e-01
3.129403402079687369e-01,8.699116831727587984e-02,2.624680960576957212e-01,3.353364820744169084e-01,1.051480090409026458e+00,8.667727859351352926e-01
3.131528437139570742e-01,8.673608685768363635e-02,2.617155373223109538e-01,3.353541614985620090e-01,1.047556960151299288e+00,8.646666415705945852e-01
3.119327573804844267e-01,8.633524523784721905e-02,2.610941713230998107e-01,3.342418713510611483e-01,1.041383849737382183e+00,8.632350910424902990e-01
3.108965861752197024e-01,8.618145109149759342e-02,2.603142996578620694e-01,3.331470331750674418e-01,1.039230713978607890e+00,8.613945652914588580e-01
3.113030347344820092e-01,8.616582521347496137e-02,2.592551730691435297e-01,3.337526971642310047e-01,1.039209078439553346e+00,8.589834655732261348e-01
3.115937806914934050e-01,8.612741614855327910e-02,2.585322878559253024e-01,3.339710025533452198e-01,1.038269886846921120e+00,8.568283335393820366e-01
3.121114162639597178e-01,8.620584385939653038e-02,2.586283207004529960e-01,3.343489383705872675e-01,1.039251601376538048e+00,8.571799554662633547e-01
3.117312965670152591e-01,8.635113162609010795e-02,2.586351614369080121e-01,3.338604896918290210e-01,1.040863507056859705e+00,8.570630898229385508e-01
3.111818751688862905e-01,8.650899620372506926e-02,2.582001465398311435e-01,3.334997543028300759e-01,1.042899020477728422e+00,8.563049138766422042e-01
3.109819657556089356e-01,8.660146490586136114e-02,2.584670266074828859e-01,3.332961966368704343e-01,1.043974529035512466e+00,8.567658523693594264e-01
3.106948580995224640e-01,8.675936553556916342e-02,2.593870071509069009e-01,3.331728861631680361e-01,1.046329693847112718e+00,8.590750215317822791e-01
3.099132879623663350e-01,8.675402052092388849e-02,2.596985554204069291e-01,3.328395817158608105e-01,1.046783032038755668e+00,8.601237640355030578e-01
3.096756196726801469e-01,8.660788757189484544e-02,2.602208110432022714e-01,3.325443027967724396e-01,1.044907972145489694e+00,8.612316215274324893e-01
3.089969929931890569e-01,8.641916591199733100e-02,2.603179413585505197e-01,3.320234456441518156e-01,1.041975725381697027e+00,8.614224500463948386e-01
3.078940455037330604e-01,8.614396963149763276e-02,2.605081176194737891e-01,3.311249440598409977e-01,1.037885912448927916e+00,8.616110609443575763e-01
3.076912395310105186e-01,8.604911490878053293e-02,2.608800141284597363e-01,3.307235725986443775e-01,1.036092663397416347e+00,8.622282757620450822e-01
3.077564587389252648e-01,8.612940116067757668e-02,2.609615535800838826e-01,3.307458275251864421e-01,1.036602903432247702e+00,8.621091210401630178e-01
3.072540984596687785e-01,8.608465769628362296e-02,2.602390552272025870e-01,3.306230701155781215e-01,1.035814054323346056e+00,8.605052517920502853e-01
3.067703117156503900e-01,8.611543882163889829e-02,2.594610729248707504e-01,3.303380476163585433e-01,1.035669662166115224e+00,8.585191467339722271e-01
3.062383133832488058e-01,8.616982548787144314e-02,2.584293602935517908e-01,3.300686484492127426e-01,1.036463420457868656e+00,8.563959398161271608e-01
3.060066566955200740e-01,8.619036410912106483e-02,2.574736137842683070e-01,3.301682139849240749e-01,1.036136058373932078e+00,8.545795674590386248e-01
3.051293635756490152e-01,8.616570246884679152e-02,2.559592044169939351e-01,3.291584197271544832e-01,1.034411346411211241e+00,8.511044085605664611e-01
3.049422431112598919e-01,8.600709964050173850e-02,2.543878567988306916e-01,3.290427607112815234e-01,1.031947461014687262e+00,8.473199353756935004e-01
3.051167224236724929e-01,8.607263317375857259e-02,2.540791170682666356e-01,3.289534652259900049e-01,1.033031239707995264e+00,8.466279058694312631e-01
3.050060104730273336e-01,8.614297768249909448e-02,2.535222426869226942e-01,3.291053776127232933e-01,1.033845756088653811e+00,8.451296228354426843e-01
3.047748147948435848e-01,8.624099496117990094e-02,2.535648473232318123e-01,3.287527848987767953e-01,1.035033720161771864e+00,8.450068320472321481e-01
3.044206996310730995e-01,8.631797860120817012e-02,2.536944785137980607e-01,3.283878078547735058e-01,1.036179992824388441e+00,8.453096126437217306e-01
3.039072122325491843e-01,8.635208701772095763e-02,2.548662143827276072e-01,3.278697661364971538e-01,1.037181085056239738e+00,8.480549578276178613e-01
3.026579812009354553e-01,8.627121071929443052e-02,2.545983712594121484e-01,3.268162479084955052e-01,1.036063961372497344e+00,8.475825054024648253e-01
3.020910494336260799e-01,8.607473799603269915e-02,2.548543577427504481e-01,3.264798310396153092e-01,1.033444916994246787e+00,8.479416208617892581e-01
3.019684112694316358e-01,8.585705594873523083e-02,2.554258876095937270e-01,3.262033077913175649e-01,1.030724902776312124e+00,8.486164777385306612e-01
3.026297344451642224e-01,8.582186755959664293e-02,2.557686211402744880e-01,3.267795935258834827e-01,1.030176863410356747e+00,8.490817732417486052e-01
3.031362910397320531e-01,8.577256120776075021e-02,2.557652385381042337e-01,3.270075169336902343e-01,1.029029745464895340e+00,8.489627154671984810e-01
3.037234751543576028e-01,8.572192298078984418e-02,2.557295782287983266e-01,3.272180178038355813e-01,1.027872078985625270e+00,8.488064219645039543e-01
3.046142273562495451e-01,8.576702294708322960e-02,2.554551213899755591e-01,3.276921126357904002e-01,1.027498611308883758e+00,8.481148738266662823e-01
3.031192588408992417e-01,8.572310957994980218e-02,2.560322307810591336e-01,3.262223288506899133e-01,1.025313828651094550e+00,8.496031591395966087e-01
3.029574880439011575e-01,8.572338297842847787e-02,2.563811173000659083e-01,3.258759892364657684e-01,1.025085116787696649e+00,8.504351879301387251e-01
3.028029259922203620e-01,8.580466956508171761e-02,2.567260648676502055e-01,3.257549772115858056e-01,1.025814881317440364e+00,8.513271762573524359e-01
3.019681482736250588e-01,8.596928254090181742e-02,2.560899379073707793e-01,3.251664622152404815e-01,1.028164939612473905e+00,8.496657032779009189e-01
3.011941990310422756e-01,8.605736956514650760e-02,2.555946709441623832e-01,3.246636523444347833e-01,1.029309887261893763e+00,8.479341830879296715e-01
3.011587871321592114e-01,8.621351797850644594e-02,2.553466372050587907e-01,3.247645268176445055e-01,1.031626450719703048e+00,8.466651980678653322e-01
2.998234737844924225e-01,8.630383691031297266e-02,2.551077983189775078e-01,3.237161010997766097e-01,1.032884916806176889e+00,8.457960256477747851e-01
3.004663965000354264e-01,8.635953737760775073e-02,2.551870140578433865e-01,3.242989570613346029e-01,1.034399530128202738e+00,8.456952748692062594e-01
3.007234455683767682e-01,8.641860832258546621e-02,2.548314877616551510e-01,3.245109767138894541e-01,1.035520504804498865e+00,8.445474669420955927e-01
3.005254656647069478e-01,8.635917419131972084e-02,2.545807249207071021e-01,3.244756890975498687e-01,1.034896047624227933e+00,8.441799895447117397e-01
3.005430721355227264e-01,8.625773823334491330e-02,2.539226522687240695e-01,3.243809809286145596e-01,1.034091905561894009e+00,8.428990031583550868e-01
3.004946689589598208e-01,8.619432886538634653e-02,2.525665582939617959e-01,3.242230127122209260e-01,1.033572092313428836e+00,8.399105080536480861e-01
3.000679371950987773e-01,8.596878325477080862e-02,2.519197167752956212e-01,3.237198097414334397e-01,1.030756437587226682e+00,8.389851774380774341e-01
2.992341345076197645e-01,8.578595876877324888e-02,2.516695568548418249e-01,3.227673731055013540e-01,1.029444010229522366e+00,8.385358618882045034e-01
2.990525146927580646e-01,8.551090516821495402e-02,2.518069803984168686e-01,3.224128256815660398e-01,1.026924238068317896e+00,8.389850684375161904e-01
2.990419614649806324e-01,8.538601683086123606e-02,2.515318104778385688e-01,3.223249803604160135e-01,1.026219944219755709e+00,8.380564229358336004e-01
2.986379143981319761e-01,8.544265137333252602e-02,2.516069486790029619e-01,3.219552316302331518e-01,1.026674638287799146e+00,8.380060413238176187e-01
2.984153229816648434e-01,8.543510782795174507e-02,2.516297089656076569e-01,3.216761635257378016e-01,1.026806664419769977e+00,8.384178253472825970e-01
2.973323995244911422e-01,8.549421660841673154e-02,2.520179074525297214e-01,3.207250948627817233e-01,1.028163283777838055e+00,8.394627303406556607e-01
2.963125837459532619e-01,8.569835827870314615e-02,2.519687588843519399e-01,3.202538757078838838e-01,1.030388635972801170e+00,8.391252365207050312e-01
2.954451416756034843e-01,8.566056658120152489e-02,2.517028091959736535e-01,3.196427558805217672e-01,1.030709139805421337e+00,8.387455031846412501e-01
2.945061874677023517e-01,8.561951361965017271e-02,2.516090813984411256e-01,3.187607839405888210e-01,1.030370090036532016e+00,8.388683283127197354e-01
2.942112778740921253e-01,8.574741121357296048e-02,2.520330111728247280e-01,3.185693427565455815e-01,1.032279966443005126e+00,8.399022627831973509e-01
2.940635293372032555e-01,8.590825097717490200e-02,2.527216603469102374e-01,3.182052552086797603e-01,1.033620697369168395e+00,8.415428513137372946e-01
2.937508422179385126e-01,8.602659964309884721e-02,2.533099933678995552e-01,3.178016113648369223e-01,1.035574860543476916e+00,8.427311879438915687e-01
2.943278166299336807e-01,8.610428171629937177e-02,2.536303541878517365e-01,3.180306279174335837e-01,1.036923699340737581e+00,8.432808782743335119e-01
2.944015724632816355e-01,8.610113207317894590e-02,2.534519753099491179e-01,3.184184473615871425e-01,1.037744552736025838e+00,8.431243208245656762e-01
2.941524263425446262e-01,8.610987821276051835e-02,2.531578469627265848e-01,3.182319885765683698e-01,1.038297370281372034e+00,8.430305380333332765e-01
2.943429179632695014e-01,8.614170254586719921e-02,2.534401939487226363e-01,3.184318734165449416e-01,1.039299882692887200e+00,8.441862364359585813e-01
2.942561575070311575e-01,8.605558925616631216e-02,2.537581479010701524e-01,3.183272596146727862e-01,1.038580311556601465e+00,8.454350474859421150e-01
2.942415122962090401e-01,8.600737267302011047e-02,2.539433830346358723e-01,3.182615179317294651e-01,1.037905151733009124e+00,8.459586987185371276e-01
2.936728861091349452e-01,8.604980386404238735e-02,2.542797500908899333e-01,3.173679258785527257e-01,1.038577142087860450e+00,8.468361484990477583e-01
2.930145118064435561e-01,8.600336391548198123e-02,2.545871764295639661e-01,3.168430875296919247e-01,1.037555693979191451e+00,8.475266529149209083e-01
2.928845551049366613e-01,8.571724212777445673e-02,2.543710485328997684e-01,3.167298260152837108e-01,1.034447331919658986e+00,8.471003225351106947e-01
2.932539668100580532e-01,8.526372971875942341e-02,2.541526268263913924e-01,3.167685477215896328e-01,1.028822553164744136e+00,8.469045188560605508e-01
2.935996657658992981e-01,8.503011931744733354e-02,2.541245480461017947e-01,3.167481697417871556e-01,1.025811938645090127e+00,8.467302046027583851e-01
2.931482711994747858e-01,8.503363187155732472e-02,2.543757276066702100e-01,3.162804571788508379e-01,1.026023172993563826e+00,8.475565833868835552e-01
2.943541712795657017e-01,8.487933883015594261e-02,2.541101300320537382e-01,3.170611166087333177e-01,1.023672780602062904e+00,8.466053652530385332e-01
2.949930681887337203e-01,8.484528823420632582e-02,2.540642771731791982e-01,3.174043924542431228e-01,1.022329700525250074e+00,8.463360457446220675e-01
2.937191461158039085e-01,8.496059293581308125e-02,2.541982180919288847e-01,3.163502201724543439e-01,1.023793675952081816e+00,8.466976758282059867e-01
2.929067913688351843e-01,8.495411398668527292e-02,2.540764005332299402e-01,3.156354345879607837e-01,1.023770517774428956e+00,8.464604262021583336e-01
2.910395263977587632e-01,8.513899691447772422e-02,2.533835896007110566e-01,3.144271058697720722e-01,1.025662173186554282e+00,8.445226020088257846e-01
2.900993771577402014e-01,8.529238238066325084e-02,2.527487452366816156e-01,3.132054334185629951e-01,1.027279913555604773e+00,8.422792608738141062e-01
2.884068485831967621e-01,8.529493992820438852e-02,2.524230908657452144e-01,3.116970309316505205e-01,1.027660189525198220e+00,8.414622346809559339e-01
2.865642080647653467e-01,8.542397260132682246e-02,2.519587320779112516e-01,3.102759411772575415e-01,1.029380718477831413e+00,8.404955974829585452e-01
2.855465798606657835e-01,8.539626325387648931e-02,2.510385623230178553e-01,3.091262058626244591e-01,1.028723642608462274e+00,8.384682347758856125e-01
2.854055514067592170e-01,8.549273396484163845e-02,2.504007971542314137e-01,3.093228131423298999e-01,1.029750373937211139e+00,8.372854527395779956e-01
2.860576446814454554e-01,8.528709511099098750e-02,2.504655971449958329e-01,3.094045155296544225e-01,1.027030280690240938e+00,8.377199399490268261e-01
2.855603436787850224e-01,8.521077290035253271e-02,2.504945478452738072e-01,3.089537857765896622e-01,1.025568920212238888e+00,8.378267300329279577e-01
2.845676701075408044e-01,8.511007478973081630e-02,2.506001975034704010e-01,3.078885975981133782e-01,1.023419324077967207e+00,8.377855524996676850e-01
2.843460346359750757e-01,8.496177206772120849e-02,2.508474660443704152e-01,3.075524923521775200e-01,1.020750765472908217e+00,8.385451668637394773e-01
2.838306886476421598e-01,8.481810838916803430e-02,2.515214466300852436e-01,3.072913436306803914e-01,1.018691744424780055e+00,8.404897924236131024e-01
2.835480418099137756e-01,8.478988102543100203e-02,2.521506495719965102e-01,3.069483409606321711e-01,1.017856732565890265e+00,8.417879522838501716e-01
2.835120949782916067e-01,8.479706379310396336e-02,2.528528251061337717e-01,3.069055804464472237e-01,1.017615752986062772e+00,8.434764574379405300e-01
2.827220857279455490e-01,8.486436513914609459e-02,2.537277588869004674e-01,3.064568855525571789e-01,1.018388139878389831e+00,8.454196865190953813e-01
2.824923753690150585e-01,8.468432959938299032e-02,2.546859619813410247e-01,3.061532513126104527e-01,1.015483916961834598e+00,8.473899863189361392e-01
2.829978626046990575e-01,8.471602717689112605e-02,2.556465105013753791e-01,3.066708494871496771e-01,1.015451826068870966e+00,8.493273137651381477e-01
2.836954711055557077e-01,8.468963634772948279e-02,2.558225590110609349e-01,3.072327806188255295e-01,1.015396181902288308e+00,8.496798549220776486e-01
2.841786341983367770e-01,8.461220347413447862e-02,2.567506295023990748e-01,3.076890325771401424e-01,1.014722793507988330e+00,8.516561573890953918e-01
2.841031679757432538e-01,8.455539365098022064e-02,2.572222912293873343e-01,3.075754325048844495e-01,1.014298466678750010e+00,8.524004656530669299e-01
2.837703225940348406e-01,8.455539450118761124e-02,2.578363678703305406e-01,3.076111606685051347e-01,1.014645055959639608e+00,8.539071649856633250e-01
2.824674546372589745e-01,8.484794929997151181e-02,2.577448348697126690e-01,3.063188961566384316e-01,1.019518931282479945e+00,8.538123810386009094e-01
2.817039961938451742e-01,8.493458943593880373e-02,2.581706452192436552e-01,3.054330613367557401e-01,1.021177728337454349e+00,8.550075557488381328e-01
2.809762595291271370e-01,8.493200347219280466e-02,2.586034548345917949e-01,3.046156387806309707e-01,1.021675123508827054e+00,8.562564095057793034e-01
2.801919471625198277e-01,8.491035646000170967e-02,2.585447443624125929e-01,3.040024523377498067e-01,1.022358913673555580e+00,8.565983947026561962e-01
2.794985119399783224e-01,8.494809463045560616e-02,2.588585908219389053e-01,3.034325768581491722e-01,1.023638466729829943e+00,8.574997844126879265e-01
2.800334511449134034e-01,8.500234157027022897e-02,2.591886037247383978e-01,3.038421875968734254e-01,1.024844221443985237e+00,8.583080704600726252e-01
2.797398571384879795e-01,8.511808343180195247e-02,2.583811747660085256e-01,3.035399024212423469e-01,1.027054708724933318e+00,8.566169574874650250e-01
2.796719828318678380e-01,8.514115993916919478e-02,2.580628353846645684e-01,3.032907714557748213e-01,1.027596626978583449e+00,8.560147534566703298e-01
2.803937641092497102e-01,8.500744498691686912e-02,2.577215950295397295e-01,3.039525455683018129e-01,1.025796308224734332e+00,8.552923190592005565e-01
2.802499679673099986e-01,8.477457080335484840e-02,2.577240712926744948e-01,3.036284432822990431e-01,1.022758409652485989e+00,8.555443830989839515e-01
2.802961697046810752e-01,8.470148566709595483e-02,2.576418789668568632e-01,3.037961188685273095e-01,1.021594545498153206e+00,8.550236940557219834e-01
2.805601011370029707e-01,8.474038797170696524e-02,2.579203002087564478e-01,3.039659106564533420e-01,1.022066326713007456e+00,8.553454707520948830e-01
2.798536623436334581e-01,8.473001855252251802e-02,2.577109027828935472e-01,3.037193525420197604e-01,1.022097001234048896e+00,8.548873433849988324e-01
2.792322710517251561e-01,8.466396230668157830e-02,2.575690207470440196e-01,3.031751104418510256e-01,1.021014859207009851e+00,8.543628710607665822e-01
2.780588515877562283e-01,8.450192347041693419e-02,2.570121154792067708e-01,3.020428402811544122e-01,1.018483069370213157e+00,8.526900284642489058e-01
2.780587476740564723e-01,8.431294423894340750e-02,2.562847140279101987e-01,3.021423120700350573e-01,1.015408478392965552e+00,8.507558069521399258e-01
2.778267044009523623e-01,8.417067404796835239e-02,2.554839511801014207e-01,3.017566350549266141e-01,1.013125435376460048e+00,8.488557549107028644e-01
2.779328165431680375e-01,8.404219647723061570e-02,2.547606815321598606e-01,3.016832646205666046e-01,1.011092816293003072e+00,8.472208208904643545e-01
2.774741193148473895e-01,8.393775778275909538e-02,2.541910703106181058e-01,3.012625852144282801e-01,1.009287133872371900e+00,8.461900685320861148e-01
2.772885102174659777e-01,8.395810018621606419e-02,2.542770788389052683e-01,3.011072269113381772e-01,1.009608563364535527e+00,8.464454872451440126e-01
