3.981929364324697240e-01,1.000858164159470487e+00
4.139136201380308466e-01,1.028899043280130821e+00
4.187900931728892884e-01,1.037834898450242349e+00
4.371078725819967925e-01,1.071437097908135128e+00
4.926023386907664725e-01,1.195904444982513581e+00
6.033229543135681938e-01,1.460947322798903381e+00
6.644624517188291168e-01,1.586079123594463791e+00
6.494812598951933413e-01,1.585152298047298292e+00
6.523050672966801411e-01,1.616006761279390247e+00
7.617340594409180987e-01,1.880797247646176729e+00
8.166442831474090003e-01,2.016584570314536862e+00
8.455969769441457062e-01,2.099126923489947227e+00
8.076944078704985097e-01,1.992243045856765260e+00
8.182615256678409388e-01,2.018327016274354069e+00
8.146501844152868044e-01,2.011670240954621658e+00
8.608997390765460445e-01,2.119255936805137797e+00
8.750402821352097904e-01,2.158465570284801238e+00
9.091052372032792928e-01,2.244208628239527048e+00
9.360759724905350909e-01,2.318917882915108475e+00
9.108487826193646386e-01,2.253171512287390321e+00
9.119876553190828794e-01,2.251093524964142834e+00
9.382982845897036572e-01,2.316418011211164529e+00
9.559833445957749420e-01,2.357947284696234824e+00
9.790396963205184599e-01,2.410249859829357799e+00
9.770192564935570312e-01,2.404551846256899772e+00
9.912273917628982023e-01,2.441202610238808024e+00
9.873989402980527519e-01,2.434898095577145316e+00
9.802072268519638198e-01,2.420021031980208903e+00
9.909507586252936928e-01,2.452906078996538231e+00
9.844486977704811626e-01,2.434643682979765078e+00
9.788401257966945490e-01,2.413594656946018713e+00
9.861892423626191784e-01,2.426806651967618134e+00
9.817675189518689782e-01,2.415851509223156057e+00
9.839080050820629975e-01,2.422605410912165969e+00
9.964043381197806859e-01,2.458747650542826513e+00
9.940392734684504461e-01,2.455354648419116881e+00
1.002935320137633202e+00,2.479804289512541615e+00
1.004685655896212504e+00,2.482888719386411314e+00
9.979810756374545289e-01,2.468620907717737900e+00
1.003465906846966682e+00,2.485222524791208087e+00
1.020546170521687612e+00,2.530068839375929635e+00
1.011200251058792077e+00,2.514611441373843626e+00
1.006109355328086874e+00,2.506430369489628607e+00
1.002598061347324210e+00,2.499452708073687912e+00
9.989648400030591846e-01,2.492943853503498453e+00
1.022210321028056645e+00,2.548898462722856362e+00
1.021239818202674732e+00,2.543783633909312059e+00
1.014766750631351799e+00,2.523586492542446269e+00
1.003168659489255266e+00,2.498140325223736191e+00
1.003656898130570241e+00,2.505749486750359356e+00
9.965376253040161281e-01,2.487911241960470754e+00
9.873441462566113769e-01,2.462989229185814644e+00
9.720018219886243926e-01,2.417448218049592867e+00
9.707732184113389007e-01,2.414853405400136932e+00
9.653757169887620115e-01,2.403480356237003512e+00
9.704938520366162003e-01,2.417560696127809106e+00
9.601514346202962846e-01,2.393723737199817680e+00
9.447147615761899431e-01,2.358135719739906211e+00
9.392641377331628627e-01,2.341505614742827479e+00
9.245592657810640658e-01,2.302517859791811894e+00
9.237236473204899490e-01,2.297729549576432273e+00
9.215792075749772438e-01,2.288990340282973435e+00
9.162279852617565279e-01,2.273648957382098601e+00
9.203780891959131294e-01,2.281865947539171380e+00
9.258462229137850441e-01,2.294153921574695776e+00
9.214299340031919527e-01,2.287235782997483202e+00
9.311540424106128366e-01,2.308747874191291238e+00
9.268505430381899224e-01,2.300290736723208163e+00
9.170282593972657326e-01,2.277864809450518724e+00
9.160949247515207672e-01,2.274618291219853372e+00
9.063713772125141510e-01,2.253906869526286716e+00
9.096044981960510478e-01,2.264167018177356105e+00
9.081603038802655847e-01,2.259801260418351720e+00
9.110446873960712511e-01,2.268640481240348894e+00
9.060200354251348731e-01,2.253763369290738172e+00
9.061247314914017137e-01,2.250745254635163395e+00
9.020202663215406425e-01,2.237959682761224034e+00
8.930873390464859618e-01,2.216708098022642570e+00
8.892708166547464987e-01,2.207059991970672375e+00
8.824991700508940662e-01,2.191840647970125566e+00
8.690493463832721366e-01,2.161978711939229303e+00
8.646379109844214428e-01,2.151427838687388849e+00
8.593479413366108544e-01,2.139228993901224118e+00
8.719010716456148113e-01,2.167908108268755019e+00
8.781425652271204196e-01,2.179219967935724256e+00
8.727790861100742648e-01,2.162572890629451905e+00
8.665920598495937544e-01,2.140035409028883340e+00
8.576573198965841138e-01,2.116385211801186550e+00
8.498206287699786587e-01,2.094367373352429951e+00
8.412730275092022980e-01,2.075254475444323177e+00
8.337518061969045879e-01,2.056690168633731997e+00
8.251064449503379139e-01,2.030226318859443602e+00
8.174394478183222290e-01,2.010733988260225313e+00
8.073105332532877210e-01,1.979225180118268757e+00
7.870271481862367580e-01,1.927624805006599162e+00
7.582174482649118863e-01,1.857059051053552068e+00
7.491971146735770803e-01,1.835099849874950895e+00
7.430584346295234788e-01,1.820859411765108460e+00
7.294036736136048082e-01,1.790189660425195228e+00
7.187420539816158360e-01,1.765049241115200562e+00
7.183330590857196496e-01,1.764385931804347329e+00
7.083644899883710933e-01,1.739416876926839661e+00
6.959244115250259322e-01,1.709359024892101564e+00
6.903669443776452308e-01,1.697176124509863104e+00
6.829508358603412210e-01,1.679370810823366034e+00
6.738033199760615766e-01,1.658321869332276766e+00
6.742233249688511787e-01,1.660989068408563529e+00
6.730375057532579364e-01,1.655272869193658458e+00
6.713714736174061226e-01,1.648421081178499170e+00
6.626914328862174575e-01,1.625509564852867017e+00
6.615769760749932171e-01,1.619292236630561987e+00
6.579051314907906622e-01,1.610423811183977039e+00
6.502418062511930996e-01,1.591866489944185670e+00
6.406039896950244117e-01,1.567519445312066884e+00
6.352332319543377848e-01,1.558025455203980947e+00
6.317108486677583956e-01,1.550097228987744380e+00
6.330686842641567447e-01,1.555306522741210840e+00
6.359786869400835263e-01,1.561737058956004454e+00
6.385789746500591946e-01,1.566992998639947565e+00
6.249815442456364556e-01,1.536806419592712025e+00
6.194775506533631848e-01,1.524797121849482462e+00
6.155360921609469571e-01,1.515118778525462728e+00
6.202535443789198855e-01,1.527039778283878713e+00
6.198613628643528939e-01,1.526220500991353424e+00
6.140963996457636798e-01,1.511798694947609878e+00
6.162117029868515727e-01,1.515269109273767123e+00
6.184107784339184510e-01,1.520472732775595359e+00
6.187447772836945914e-01,1.521506123046279191e+00
6.180747367105986489e-01,1.519383363762169648e+00
6.131682079869280599e-01,1.508068839057826072e+00
6.026431556011589974e-01,1.481838592370237295e+00
5.958731683404673296e-01,1.464608288290275118e+00
5.893289155264108681e-01,1.448971969756194467e+00
5.859105526078889348e-01,1.439560921071119104e+00
5.763701725104823925e-01,1.416460887648656408e+00
5.721334042757181271e-01,1.405041209677438507e+00
5.587194375034854055e-01,1.371139306386803591e+00
5.546846581366832174e-01,1.357685699506931742e+00
5.602066900044754272e-01,1.371687242240626325e+00
5.587080197894115363e-01,1.370677653134258822e+00
5.530711293994859945e-01,1.357259275737271453e+00
5.452382328084262042e-01,1.337286017136550376e+00
5.478384736317896131e-01,1.341283560326385738e+00
5.459484698999274022e-01,1.335486063370322940e+00
5.455844244843629509e-01,1.335145453468221666e+00
5.413062963003084649e-01,1.327754716835350957e+00
5.350217805575361307e-01,1.311157973279021949e+00
5.294874207135032984e-01,1.296243923371350082e+00
5.263355862643780414e-01,1.289264795038254308e+00
5.214135761528255752e-01,1.278489840146978418e+00
5.050468850291904843e-01,1.239956912677128598e+00
4.912852843893119048e-01,1.201739269148019540e+00
4.794331088769334115e-01,1.172353535352103959e+00
4.713709951042355795e-01,1.155699884022874269e+00
4.658371881935074454e-01,1.141254157785492662e+00
4.546885089314789408e-01,1.111158385566261675e+00
4.514221873729157841e-01,1.100970186923221350e+00
4.515771802719485972e-01,1.101656526753577836e+00
4.420431937030461222e-01,1.078613604522982605e+00
4.412593997513947208e-01,1.077223569874641074e+00
4.397248151737407906e-01,1.071222505338942810e+00
4.438406589102357191e-01,1.082116982136307914e+00
4.434818156885970697e-01,1.082897716249906939e+00
4.479651525596642370e-01,1.094075913514141352e+00
4.474199080343992385e-01,1.094877282923539363e+00
4.467900113325473099e-01,1.091251479208927400e+00
4.305275025480886919e-01,1.052031674343500756e+00
4.279999837830734677e-01,1.045017741200075623e+00
4.243591993057089784e-01,1.035599161170266624e+00
4.245126567886430835e-01,1.036845914837407401e+00
4.222252674071786949e-01,1.030188304517414499e+00
4.128867538773323687e-01,1.006763284638317879e+00
4.088946860847140208e-01,9.977566846832496283e-01
4.056013641681061599e-01,9.896238633074805335e-01
4.052693017128883857e-01,9.893963120743061168e-01
4.044001623668942447e-01,9.877371034434830888e-01
4.065074031703175272e-01,9.936073554081430448e-01
4.042788330948449138e-01,9.890469094102584124e-01
4.024764727359073091e-01,9.842342653067192026e-01
3.965273921414610991e-01,9.703331336877548674e-01
3.981278874417641944e-01,9.748690756429109205e-01
4.023874924177072709e-01,9.850096548843021438e-01
4.054852413674037703e-01,9.923836128014293934e-01
4.043951847481187523e-01,9.900307223157086556e-01
4.042629500025891609e-01,9.899605616891513638e-01
4.087105578144099027e-01,1.000980661394368143e+00
4.132485603926561724e-01,1.012512353080540661e+00
4.112944722881382575e-01,1.008115733594386443e+00
4.098845070286163961e-01,1.004128526465562166e+00
4.075957606054857463e-01,9.995677121074688642e-01
4.086496474804447998e-01,1.002753481980504180e+00
4.060596859370517175e-01,9.972314016481601540e-01
4.064957763086654019e-01,9.980361467665594954e-01
