3.977395423166213972e-01,1.000400693417211606e+00
4.084208049444907340e-01,1.017919345131239384e+00
4.146604048484774374e-01,1.029712502657521567e+00
4.264241534314718862e-01,1.051330490465758993e+00
4.542250486851590052e-01,1.114160133473477199e+00
4.496203534443715122e-01,1.106679532724094805e+00
4.973451398351407815e-01,1.219723105822109188e+00
4.575557648596573213e-01,1.135104647160978031e+00
4.301765973346647343e-01,1.076114529715934465e+00
4.389978222246099238e-01,1.094893663619109336e+00
4.395304020529766653e-01,1.094637476915643060e+00
3.641629077684492843e-01,9.100718135695019528e-01
3.224927086781897434e-01,7.498016536622854611e-01
3.302093722389717878e-01,7.868234421748413476e-01
3.230043869412420054e-01,7.474367725289168263e-01
3.378601089745639219e-01,8.043244259073224489e-01
3.462047133356964124e-01,8.314559796864916530e-01
3.506516988229724241e-01,8.456454443681379329e-01
3.507790708560292181e-01,8.470885377047493447e-01
3.537357453645799121e-01,8.607720486753799305e-01
3.606560261628115605e-01,8.848601054339146899e-01
3.612527317148395145e-01,8.801034429520300240e-01
3.647127908088691473e-01,8.936548221861666530e-01
3.664742285944428413e-01,8.981941970432069100e-01
3.687143033916499002e-01,9.063927257994541797e-01
3.732043809557505365e-01,9.180849679304183830e-01
3.761253237202793476e-01,9.263639819417796017e-01
3.752867100320722016e-01,9.217911995188590168e-01
3.684862374437561372e-01,9.048938488763720311e-01
3.728940032048771447e-01,9.200094990565038655e-01
3.859728550111883316e-01,9.590059676109606857e-01
3.989570573003716203e-01,9.883321130557226608e-01
4.012711171259544796e-01,9.901703697429675710e-01
4.685885551969996565e-01,1.163766168295917725e+00
4.365784065489683452e-01,1.078788350708290711e+00
5.388652622190659436e-01,1.320531660076204261e+00
5.478862899828473854e-01,1.319539251874768171e+00
5.119625099582170158e-01,1.235361724870798650e+00
4.893791319119777383e-01,1.180632987953902369e+00
4.859670747099378851e-01,1.173786452270306535e+00
5.093477545952544983e-01,1.232180827206805995e+00
5.030529061738540086e-01,1.218623965419458388e+00
5.080909348279617488e-01,1.231808719272220909e+00
4.871226301452933338e-01,1.182749074969893011e+00
4.852788888180157301e-01,1.176890366349079509e+00
4.764709717470169137e-01,1.154998249952009060e+00
5.179805613725314561e-01,1.263107881765282103e+00
5.203206726244766767e-01,1.272494539130638147e+00
5.015841858210290383e-01,1.229225415714705116e+00
4.642389324120718697e-01,1.137329303977594464e+00
4.769768513607396954e-01,1.175223908261969319e+00
4.866443885217554555e-01,1.200426282776478892e+00
4.834785057326428381e-01,1.193233293625558522e+00
5.023872780649342173e-01,1.243179211827681874e+00
5.301753956330081952e-01,1.307694995998901488e+00
5.447089517841100514e-01,1.340602243913127989e+00
5.453935881929411478e-01,1.344408291545430290e+00
5.557071101952515413e-01,1.367463850473484399e+00
5.585575112749897597e-01,1.373361517761323869e+00
5.509690885308448083e-01,1.355091076662875649e+00
5.557438287551685896e-01,1.368078681825090515e+00
5.634541553746422737e-01,1.387292365662943894e+00
5.721250848077887863e-01,1.407372651632545324e+00
5.644092529927796642e-01,1.387192889753202873e+00
5.564088347274062096e-01,1.366199312256602960e+00
5.612793152032733435e-01,1.375482827936650443e+00
5.582310035999575870e-01,1.365654103519748697e+00
5.549274753837974972e-01,1.358980293087792113e+00
5.753871376431940465e-01,1.407432888477941679e+00
5.775398539754565963e-01,1.414151032265405838e+00
5.704783385509802907e-01,1.399009727373409007e+00
5.741750011898215655e-01,1.405801692961980098e+00
5.657141770354404686e-01,1.384183649052790122e+00
5.695595622459791452e-01,1.392799482569903047e+00
5.783561102051281155e-01,1.415062533943705070e+00
5.950203246655190181e-01,1.457345823741857505e+00
6.118799262829101027e-01,1.498497965336780036e+00
6.226861182657358329e-01,1.524262858967940337e+00
6.169231643070700599e-01,1.511108141735564070e+00
6.215431352168546697e-01,1.523273891077024489e+00
6.189409811965349562e-01,1.515793234536432887e+00
6.122483560647120626e-01,1.498676325649183294e+00
6.267141502230615391e-01,1.535164183886518652e+00
6.151281660126299844e-01,1.507375874862205700e+00
6.134132374548071365e-01,1.500588001441744979e+00
6.048678069186868012e-01,1.478218227201268054e+00
5.900928742598720023e-01,1.439536583833303185e+00
5.927863400025809026e-01,1.449498386718658161e+00
5.827137910065773863e-01,1.429039954337847362e+00
5.776239527931417150e-01,1.417662554247888229e+00
5.707582931002904703e-01,1.402265030086744524e+00
5.843935421602335367e-01,1.438605702506704276e+00
5.865171089574935381e-01,1.440366742822345669e+00
5.832167634203300199e-01,1.438903457909055161e+00
5.624523228535517338e-01,1.398335951231190366e+00
5.758175880997643548e-01,1.435197258893637695e+00
5.679105192380852207e-01,1.423921161054184203e+00
5.367913890062396831e-01,1.349968808162949285e+00
5.452853514380907596e-01,1.376224959214029653e+00
5.131717662311313655e-01,1.302607150377224077e+00
4.988982552904671075e-01,1.240920696736804496e+00
4.917062822572779712e-01,1.228754805378521997e+00
5.021210597934495645e-01,1.260498308544954815e+00
5.162808558323714880e-01,1.294898260971277582e+00
4.975632087485719057e-01,1.248955755471744089e+00
5.339051437527173594e-01,1.327419900618268089e+00
5.092337554708157299e-01,1.269758714958826529e+00
5.195716223848115822e-01,1.293582517660517794e+00
5.073086901513089719e-01,1.263244497066632555e+00
5.090136018937043705e-01,1.254765922901174502e+00
5.339158790071260041e-01,1.323497696573862514e+00
5.618432408356741625e-01,1.403247855134043487e+00
6.014297662515124543e-01,1.511049371510361228e+00
6.268115381846710576e-01,1.563258181347443987e+00
6.179485869139786924e-01,1.533789768299419043e+00
5.967588136021332312e-01,1.471991730206431148e+00
6.126594208771267702e-01,1.530951946828571275e+00
6.204940419346794966e-01,1.556954008399141776e+00
6.381538810596455447e-01,1.585144489683240066e+00
6.241693401897185911e-01,1.553358085075785766e+00
6.274758011702538107e-01,1.558445546255802228e+00
6.202872624860524819e-01,1.539709017504778732e+00
6.109519085096609681e-01,1.526181322764669446e+00
6.307736903149864238e-01,1.581550968545109237e+00
6.153549525533303921e-01,1.539762786043694875e+00
6.100461351547837863e-01,1.524622412324260212e+00
6.096456584884596408e-01,1.542990675034766390e+00
6.187762552101681024e-01,1.565284112751844203e+00
6.042032682356335282e-01,1.531718561476348217e+00
6.077802485098169338e-01,1.546869715140755774e+00
6.045591404535298752e-01,1.543070398668885179e+00
6.204422475247344249e-01,1.566451547924111676e+00
6.221360550235776055e-01,1.568383770501433183e+00
6.026683565208248439e-01,1.509564750083296714e+00
6.042443162604473894e-01,1.517740808216789361e+00
6.084234656906069016e-01,1.528387489048563141e+00
6.072116491448056319e-01,1.530086827521949466e+00
6.097289120588609279e-01,1.534930958660490896e+00
6.258202937844191682e-01,1.590864787167764360e+00
6.140920382205474759e-01,1.571492242277767959e+00
6.155425225971045133e-01,1.580811968304458359e+00
6.153514514350650888e-01,1.581842635092424176e+00
6.166605102638358371e-01,1.583723284944490883e+00
6.228015247937881416e-01,1.599179153864377811e+00
6.279563312140341580e-01,1.603742324139765030e+00
6.088482558776133757e-01,1.563401751247263993e+00
6.120148639355759146e-01,1.560299952196440465e+00
6.335274397112378164e-01,1.619803862291305574e+00
6.284235978880029494e-01,1.614565953474464743e+00
6.358531052920965987e-01,1.632584844429073145e+00
5.980460536743333888e-01,1.532232406622610732e+00
5.800522884508453325e-01,1.490918113141690871e+00
5.768976105422091161e-01,1.485745346248650511e+00
5.737410135905723907e-01,1.474217550436795587e+00
5.672354045875649398e-01,1.458562971021747368e+00
5.696287168459719386e-01,1.460857616323995911e+00
5.652906372950684544e-01,1.445569081589310745e+00
5.760723706999628657e-01,1.472027719999017270e+00
5.715301125282646888e-01,1.455203674054456719e+00
5.693720358147704719e-01,1.425713120083550001e+00
5.730796399177883194e-01,1.434554925300614903e+00
5.827813282408774720e-01,1.459046649862866696e+00
5.659090274243758767e-01,1.402240697081912568e+00
5.651697820121613924e-01,1.404636507981548821e+00
5.765875262287764036e-01,1.430072073524000009e+00
5.751610236413871036e-01,1.407340068065372929e+00
5.974433804401091397e-01,1.464211826590465337e+00
5.912816211212446049e-01,1.451490867344507052e+00
5.696524130800476593e-01,1.412805562291855610e+00
5.444867486004483226e-01,1.346860859837733404e+00
5.311626612928367352e-01,1.306658150743264413e+00
5.284140009083483358e-01,1.283066362109833047e+00
5.292473632261993632e-01,1.284812010758538570e+00
5.500750590630477665e-01,1.319460928244338582e+00
5.605132574213825825e-01,1.338786995525781398e+00
5.801926525728262618e-01,1.390617943409040658e+00
5.889556146889095567e-01,1.412823884845959332e+00
5.903111511719684179e-01,1.410643448412747913e+00
5.873079600118887855e-01,1.407763199084681061e+00
6.020150355372630990e-01,1.445147288403535679e+00
6.186727025146645520e-01,1.481140157530116852e+00
6.111182986609149381e-01,1.459279241792232007e+00
6.123799047885309932e-01,1.461844674498878005e+00
5.954394131194563622e-01,1.424810821850652998e+00
6.066882073019043142e-01,1.455070144346537253e+00
6.069483355828534377e-01,1.457527453996392719e+00
5.803671935015567440e-01,1.392740116531012706e+00
5.725190796973064211e-01,1.369479042498041199e+00
5.760688594045847433e-01,1.377846349885588850e+00
5.798395414111497947e-01,1.385916007929216320e+00
5.763830932874006718e-01,1.378944422139376735e+00
5.799466679779855527e-01,1.387297212762804488e+00
5.831348754061823625e-01,1.392369668624057644e+00
5.758162041368192208e-01,1.374592682620341844e+00
5.793213344731970027e-01,1.383100187550267535e+00
5.756909506090626127e-01,1.376639347667434121e+00
5.642319083843158056e-01,1.352690778630826651e+00
5.755131578744939747e-01,1.375818248093729990e+00
5.803611149270522240e-01,1.387259523003899542e+00
5.773592982820686670e-01,1.381169542327967292e+00
5.839184195915673170e-01,1.396854035416633666e+00
5.764935747492528906e-01,1.381366611000204969e+00
5.835231561101321685e-01,1.400229915107861878e+00
5.820539448452697329e-01,1.398729096670817240e+00
5.757739491786588726e-01,1.385506181204515741e+00
5.796091648463690404e-01,1.392137074170403110e+00
5.778236063680560752e-01,1.388279747342489490e+00
5.811704674948831029e-01,1.396044021611403174e+00
5.917469664795697026e-01,1.423771365334118411e+00
5.980595946640731020e-01,1.440764190105878084e+00
6.058246558386172209e-01,1.456206009232593690e+00
6.005535163170712121e-01,1.443377459848018685e+00
5.961383890947412612e-01,1.432601747332123088e+00
6.000176190716687286e-01,1.446225154191594697e+00
6.009996597904752047e-01,1.451241439054620885e+00
6.020003390211804417e-01,1.453404713307740570e+00
6.079798754017045059e-01,1.467013792167016772e+00
6.144580624738948949e-01,1.482633908055124516e+00
6.162791651492065537e-01,1.484840656823556371e+00
6.137513351588390620e-01,1.480919508786755046e+00
6.076000656602613681e-01,1.464821839953885263e+00
6.144233127622041879e-01,1.481213189198241187e+00
6.140847959515651766e-01,1.482281667515443102e+00
6.153690424112788770e-01,1.489440938478107324e+00
6.127473511633102499e-01,1.483801136116107644e+00
6.154302276382174197e-01,1.488555688959932954e+00
6.219835974755163477e-01,1.503986528694898794e+00
6.138039469479686927e-01,1.485558048920634366e+00
6.101433882323398228e-01,1.475784446560896468e+00
6.068894364095929195e-01,1.469656037913007918e+00
