l1_absolute_error:  0.0017678001157335197
l2_relative_error:   0.008046671491519976
