l1_absolute_error:  0.0010971042700425495
l2_relative_error:   0.005189917436684632
