l1_absolute_error:  0.001762086137628409
l2_relative_error:   0.010144441435443425
