l1_absolute_error:  0.00010186222847800343
l2_relative_error:   0.0002600394987794519
