l1_absolute_error:  0.04101270522169635
l2_relative_error:   0.12369842516143774
