l1_absolute_error:  0.00021110191237485028
l2_relative_error:   0.0006420090911115636
