l1_absolute_error:  0.002426728054830245
l2_relative_error:   0.02006204080409415
