l1_absolute_error:  0.0563491825588578
l2_relative_error:   0.24444023024742484
