l1_absolute_error:  0.0009976634192567023
l2_relative_error:   0.005302918520566837
