l1_absolute_error:  0.0014122423965365837
l2_relative_error:   0.010045453280830072
