l1_absolute_error:  0.00037350661631094364
l2_relative_error:   0.0018331524764188573
