l1_absolute_error:  0.00011213015656092336
l2_relative_error:   0.0011543180252668668
