3.979333638449696342e-01,1.000756490063891446e+00
4.255884212250960474e-01,1.039412266853402489e+00
4.860139288369633714e-01,1.193797095244704565e+00
4.706194610869857686e-01,1.146448719483246670e+00
5.091725151700936536e-01,1.258889484577960127e+00
5.054542991964240395e-01,1.230664884596378350e+00
4.860925426632567992e-01,1.146217432620294296e+00
5.574267397381728051e-01,1.320455001290977926e+00
5.858557696108182000e-01,1.381720992848058271e+00
6.067218001666119243e-01,1.435371142365152730e+00
6.469691938427462041e-01,1.543600511429173539e+00
6.347079519804911252e-01,1.515668836484551862e+00
6.328405194946815637e-01,1.510857540416815636e+00
6.912529595835315011e-01,1.656439514229950616e+00
7.172725524191939650e-01,1.725611736847076694e+00
7.257196650543712435e-01,1.745774324202756134e+00
6.760899638812511991e-01,1.626973524987694208e+00
6.503142905543168872e-01,1.573239555413139090e+00
6.046947426963261707e-01,1.456734476473809714e+00
5.979299104300381806e-01,1.436618305554740793e+00
5.624003907099219823e-01,1.358756947136648519e+00
5.140691783688798866e-01,1.236336451080404242e+00
4.956937778290532171e-01,1.193278465740607253e+00
4.727014368220252560e-01,1.137603866911604200e+00
4.420511524634455625e-01,1.060404431500168831e+00
4.242802228603692050e-01,1.020314930434235601e+00
4.010540034751850502e-01,9.653361148081393006e-01
3.509269747369595516e-01,8.476861301631557488e-01
3.353154322927478503e-01,8.084512144306000847e-01
3.289184500063965233e-01,7.974033849921164929e-01
2.897256417377198634e-01,6.999367606622795002e-01
2.473605487869635911e-01,5.962389436981976321e-01
2.347702696189578886e-01,5.664044271865625868e-01
2.332781390632741592e-01,5.630070853341377912e-01
2.100763739707811883e-01,5.080242346630265970e-01
2.100356737640604043e-01,5.115515242859497436e-01
1.986870365740504851e-01,4.841028560611062570e-01
1.854699970933345043e-01,4.509282818647551982e-01
1.808473335635801538e-01,4.376768986235778369e-01
1.611078678646942208e-01,3.917242336326269281e-01
1.382805686449387061e-01,3.357530677285752163e-01
1.246833353994431098e-01,3.026738737002370727e-01
1.177593537458531542e-01,2.868985650308972235e-01
1.075211409763289772e-01,2.621676334054595103e-01
1.262048509113712635e-01,3.060463192510490260e-01
1.210289184616840652e-01,2.918548124542293953e-01
1.099573421178033639e-01,2.667610799307613134e-01
8.356618156887202220e-02,2.025797614638992217e-01
8.241379543564777976e-02,2.015608945461662416e-01
7.533840062518099012e-02,1.868287633077221066e-01
6.731941555572097668e-02,1.674947795433594233e-01
5.984007397083129093e-02,1.490336425458549663e-01
6.050171757356763436e-02,1.506609863359030244e-01
5.950639391796754690e-02,1.484944451206098859e-01
5.612417010118787158e-02,1.405193361083376113e-01
5.432094602978942283e-02,1.336385037288713717e-01
3.900165274184547864e-02,9.861463896931219053e-02
3.716610874785347685e-02,9.358321408861582091e-02
3.283643633856404148e-02,8.319071696016216988e-02
3.241713588449345040e-02,8.160119802991051829e-02
3.277310494998988966e-02,8.241386398712659267e-02
3.508389346110978718e-02,8.818862541818699163e-02
2.976454119334595583e-02,7.513923023253642197e-02
3.057339172367759539e-02,7.814783504414948845e-02
3.082151598780426965e-02,7.807400554237080292e-02
2.844485267322005573e-02,7.246524830573200515e-02
2.682044912171778137e-02,6.757631933673115265e-02
2.512330320606839806e-02,6.286451213619033418e-02
2.610758270151418425e-02,6.454084746369345704e-02
2.890585514244349910e-02,7.156873960043881600e-02
2.479743180351783732e-02,6.127865510191456838e-02
2.440390611854690445e-02,6.011091590270908891e-02
2.422995071402927331e-02,5.996917559525875852e-02
2.827610271668094116e-02,6.900349486002993471e-02
2.687540527065375440e-02,6.506945108896057539e-02
2.671543958200740462e-02,6.458784093867044052e-02
2.471896542694433305e-02,6.001891467273794134e-02
2.283142738725512169e-02,5.589780984977156530e-02
2.569128929907848330e-02,6.281718463496861748e-02
2.926231370037365304e-02,7.162979974013493345e-02
3.302380435619557686e-02,8.046757450120037292e-02
3.673594509996500751e-02,8.918322505577941373e-02
3.538029786287508194e-02,8.590734135325364673e-02
3.309228321949562318e-02,7.980263094402327562e-02
2.834110867353584196e-02,6.862116915725113842e-02
2.249633673547058246e-02,5.537086045125200195e-02
2.170164918764442771e-02,5.373945928970987745e-02
2.236905222818973485e-02,5.567848388988291819e-02
1.997121748663800364e-02,4.988373134298713235e-02
2.032675177864219293e-02,5.036194278599437357e-02
2.121253036524906738e-02,5.268377487515948920e-02
1.987445166541977962e-02,4.947809919415386420e-02
2.082103580435023735e-02,5.303276822869670143e-02
1.898993391583040161e-02,4.753759471607502812e-02
1.695025266311506879e-02,4.133425060105961474e-02
1.564854263311880184e-02,3.877184022854997941e-02
1.575446437244036949e-02,3.889732901293492529e-02
1.551705655418744549e-02,3.914472089420313605e-02
1.610575919824248567e-02,4.119653961819101651e-02
1.657632956510065106e-02,4.210918457693049732e-02
1.644941779005517149e-02,4.141682005601145938e-02
1.828631434701559477e-02,4.548968064412095558e-02
1.770175919392802388e-02,4.408222322986340980e-02
1.886416989834267810e-02,4.673179824400756910e-02
1.709626060420283214e-02,4.230177612698708678e-02
1.532633710497537452e-02,3.878864769254047190e-02
1.509065164078841892e-02,3.773793990456442843e-02
1.586168715248963829e-02,3.959114772262627147e-02
1.648867463589220525e-02,4.119431334412848589e-02
1.758361077375464321e-02,4.354426845684764014e-02
1.830994057850464027e-02,4.563554860614679048e-02
1.854043457809392489e-02,4.646948844205286977e-02
1.770566484066825666e-02,4.368548107751998172e-02
1.703101833081128308e-02,4.205180654949840224e-02
1.778939567018295032e-02,4.369670743546543584e-02
1.706091487359516837e-02,4.170549825808575473e-02
1.719080098747329671e-02,4.205937310879784286e-02
1.614177137933846262e-02,3.944460899288416977e-02
1.602933558111313203e-02,3.902070531623446498e-02
1.744571204307646464e-02,4.209113011755222233e-02
1.666309178926939777e-02,4.022070234481865680e-02
1.575775257870899379e-02,3.878326059414666932e-02
1.497327920290195472e-02,3.650356726437312127e-02
1.530677954085681372e-02,3.749754013981015238e-02
1.552018987099376170e-02,3.786503874671803133e-02
1.564341846320904325e-02,3.833233008686742771e-02
1.574340927680015559e-02,3.867739869088866744e-02
1.574210189668683382e-02,3.885111358819241106e-02
1.577285619675026715e-02,3.910236355899871646e-02
1.608333656979209908e-02,4.022390192402842263e-02
1.669901218645966634e-02,4.205858066714378979e-02
1.703181170949176829e-02,4.284615948533194996e-02
1.711373310868919209e-02,4.321314014288271665e-02
1.648742525087434560e-02,4.194769160822982290e-02
1.599281308910270247e-02,4.095119298337390051e-02
1.570753185565863450e-02,4.031381089109341287e-02
1.598394645774203413e-02,4.128870839673339649e-02
1.578928565556435293e-02,4.100082152067063834e-02
1.559848911783858448e-02,4.058124941344150999e-02
1.573463955682246132e-02,4.103847806797471937e-02
1.569124207716073374e-02,4.070728572314786381e-02
1.576719243026471901e-02,4.084616846212668628e-02
1.588966037403659326e-02,4.127295423427141535e-02
1.619669860991972132e-02,4.243265005645809052e-02
1.598310418771760680e-02,4.199931763018412145e-02
1.632504351991541369e-02,4.313517082650112494e-02
1.666211237737405537e-02,4.385438434356050963e-02
1.647257718546123878e-02,4.338766294452692240e-02
1.609867031929183498e-02,4.241692520999661153e-02
1.573744220404173569e-02,4.117423042370805392e-02
1.565779185487826963e-02,4.072501329168800449e-02
1.555434399729456289e-02,4.064056445633239950e-02
1.576309928961856441e-02,4.083575824986113850e-02
1.564801571177617048e-02,4.039623621986216523e-02
1.580449432424681916e-02,4.093985776442054386e-02
1.557835490473398130e-02,4.042558156159476584e-02
1.556249895801684567e-02,4.040728629234963815e-02
