3.977985526926180460e-01,1.000260356558663855e+00
4.838117126456167871e-01,1.191504175397295917e+00
5.798790786828288413e-01,1.424551927463011847e+00
4.864487915447012756e-01,1.211191413242021175e+00
4.359701698313202534e-01,1.092720656240520283e+00
3.996927983776222271e-01,9.922194016159726626e-01
5.738735970617536708e-01,1.396962743519452488e+00
7.109468974086313731e-01,1.749365748901113182e+00
7.127159744022917298e-01,1.734187266664286131e+00
5.705266128569028705e-01,1.391567636073685277e+00
5.205799419462667776e-01,1.280720997087619439e+00
5.302823078573717375e-01,1.310433430076842987e+00
5.167072525007077033e-01,1.276257557150276556e+00
4.960353485891310643e-01,1.220563572226841975e+00
4.888425320721688783e-01,1.199946326482975500e+00
4.324512657313259179e-01,1.061501448240586454e+00
4.327253230727857725e-01,1.065985914714803418e+00
4.427958953747638815e-01,1.092231009537229625e+00
4.287312644318049260e-01,1.055054376529887650e+00
4.200980114405111765e-01,1.036804270238055325e+00
3.859743273204894742e-01,9.462632983002926546e-01
3.513244490702044365e-01,8.511547189244778044e-01
3.164246609292219459e-01,7.724836008569729850e-01
3.214486193168074601e-01,7.914831256290453254e-01
3.377245850906910318e-01,8.325669963765375270e-01
3.089273235061572587e-01,7.615807888498526967e-01
3.019102918096137622e-01,7.440721030072380282e-01
3.096115356909414085e-01,7.643058026618916312e-01
2.888192532968268944e-01,7.140340041788553194e-01
2.753452169704591057e-01,6.825060429908623716e-01
2.727585667627097643e-01,6.747179175647297633e-01
2.842964447031312569e-01,6.980827743593911450e-01
3.088521342979344553e-01,7.566611343066886874e-01
3.066447356860240725e-01,7.531057546260649938e-01
2.913150064734806866e-01,7.185578619207844131e-01
2.939264418458369388e-01,7.217696209876706126e-01
2.905967288442911078e-01,7.158809108976035285e-01
2.933167598496463357e-01,7.244339977744120862e-01
2.867176635574307242e-01,7.090792186154211141e-01
2.807982708787293835e-01,6.939236686168588353e-01
2.882552762698102899e-01,7.115259790705437126e-01
2.843024982552135316e-01,7.011621241997901821e-01
2.654716401287108840e-01,6.549269326685227544e-01
2.470166259735515624e-01,6.106163049996379266e-01
2.329162465381386382e-01,5.755689282255689321e-01
2.105158276249536331e-01,5.224327373185609913e-01
1.961510816656935330e-01,4.867184411375137798e-01
2.059161512663503224e-01,5.109095310679276913e-01
2.149597443812129860e-01,5.310313569046629656e-01
2.156033559349100903e-01,5.311595001897894130e-01
1.994644611471618756e-01,4.911823964262119757e-01
1.959444194169939202e-01,4.823690046274055065e-01
1.793352085349194658e-01,4.419097280906593150e-01
1.771545400837530038e-01,4.377015622373422454e-01
1.727656006052516735e-01,4.274811813921414183e-01
1.678009754126581765e-01,4.167944146651030302e-01
1.689183726864088853e-01,4.171866132136410887e-01
1.492800200625611085e-01,3.683351211616706089e-01
1.369519479690193275e-01,3.379338697883764731e-01
1.245393634435478791e-01,3.062875793056161200e-01
1.110679423976693170e-01,2.734213858777266304e-01
1.012407232824271003e-01,2.484263114857512000e-01
8.237341938934439334e-02,2.051215403127810422e-01
8.218377760909352514e-02,2.065678850830770241e-01
8.106205045748986204e-02,2.067630045956669604e-01
7.476171654840017833e-02,1.916224397575871652e-01
7.293087794668094703e-02,1.869842214804049441e-01
6.913592487875241943e-02,1.773229436217918509e-01
7.002860082582908208e-02,1.789016952619117973e-01
6.924407450425469623e-02,1.760925767743962700e-01
6.959693501604090338e-02,1.767929417694876770e-01
7.038680033729860508e-02,1.782514009662753418e-01
7.097322379372791867e-02,1.801725522393193279e-01
6.887338205529790203e-02,1.737322151080636645e-01
6.769998646952310462e-02,1.702592413839968677e-01
6.603689531855955197e-02,1.675915171452346253e-01
7.052295517244761003e-02,1.794123400256305290e-01
6.995800920142931922e-02,1.780453845038189598e-01
6.976171575990183782e-02,1.783339868131446904e-01
6.944446003029597358e-02,1.791071803196254142e-01
7.072696873048926747e-02,1.829136292770927319e-01
7.894800622172136462e-02,2.021648190158337743e-01
8.548361825538171310e-02,2.167666094002573818e-01
8.399330677617083962e-02,2.135205044685065112e-01
8.228976119621057850e-02,2.087104815590536677e-01
8.154206749523124076e-02,2.068646598204043896e-01
8.035611160802383357e-02,2.045852046666993551e-01
8.152292652185286204e-02,2.090993164364142176e-01
8.308866446501059211e-02,2.128449532581504489e-01
8.625032212759697892e-02,2.205182545392608551e-01
9.112460190840031282e-02,2.327837945334777781e-01
9.293968048829086281e-02,2.358498661638861182e-01
9.382509031366943753e-02,2.394643064589054293e-01
9.210602196185720125e-02,2.351364625424743893e-01
9.161277607484402674e-02,2.342723454347530876e-01
8.886159170399306195e-02,2.275673642432193833e-01
8.546156053397839514e-02,2.192437323555709860e-01
8.419282879091394278e-02,2.160936628696105144e-01
8.819859178292077662e-02,2.260068163313226075e-01
8.868338993147699412e-02,2.270755116076890456e-01
9.015132035640649466e-02,2.309334582979591932e-01
9.065923881498720582e-02,2.312520925995483478e-01
9.187285487056136291e-02,2.340282747219977477e-01
9.182777752243816149e-02,2.350476048996167355e-01
9.017976240684702494e-02,2.302552362294935928e-01
8.727145804618828551e-02,2.225823510301736252e-01
8.116814042758616066e-02,2.070100977278379606e-01
8.087469417096650182e-02,2.066151328610543181e-01
8.276430169731316400e-02,2.114621768095568399e-01
7.930875362007654139e-02,2.021036171968214612e-01
7.768309020117329655e-02,1.980695394106678497e-01
7.393992710632255050e-02,1.877938763463534999e-01
7.258667429720849773e-02,1.848663632513410093e-01
7.298777092230120112e-02,1.855718862964773341e-01
7.451329904849689212e-02,1.899707489535141791e-01
7.475513645120197836e-02,1.907884635410420915e-01
7.358059442446154841e-02,1.878808356450688832e-01
7.440180021141279409e-02,1.895210095030083197e-01
7.211022827689804460e-02,1.826082055016300387e-01
7.342649217523528060e-02,1.859348161863730031e-01
7.236456499817132959e-02,1.829415067889593738e-01
7.144091817389854049e-02,1.791806125367546576e-01
7.105282071581582592e-02,1.783488617816341715e-01
7.030631572833700993e-02,1.758032625613126787e-01
7.089648678741714005e-02,1.767227512295848069e-01
7.191864508802298106e-02,1.798110800196863202e-01
7.179502537763211845e-02,1.795125534132666067e-01
