3.976034378790165857e-01,1.000488156065356016e+00
4.117048944677914046e-01,1.024012928088849472e+00
3.930384043962148466e-01,9.631580423135742697e-01
4.684954529925011157e-01,1.158177933720357711e+00
5.236419745622263866e-01,1.287267366981730277e+00
5.886840832042383731e-01,1.435256907919863156e+00
6.323022818529464573e-01,1.535017029245391962e+00
5.670363015845146792e-01,1.384063760331409654e+00
6.151533050461959196e-01,1.510000991158888750e+00
8.080417885412537471e-01,2.026065706271882316e+00
8.139255317134405088e-01,2.004692847676388556e+00
8.663256102445114903e-01,2.107719899700687183e+00
9.277905429537833815e-01,2.366090314657910199e+00
6.807174788630161455e-01,1.746880195310163586e+00
6.384276940892488206e-01,1.619995505660334789e+00
6.368339930930744242e-01,1.614451593489576231e+00
6.002524571290396294e-01,1.515603527132028949e+00
6.813330879424278619e-01,1.723268921216053018e+00
6.916164623002251099e-01,1.747370866482818919e+00
7.185029678712616663e-01,1.814694522975625723e+00
6.974226659219980862e-01,1.752666792605158452e+00
6.883784925323996884e-01,1.723893019225819279e+00
6.305385139502049929e-01,1.580972244927773440e+00
5.675376952198050162e-01,1.419165849979731497e+00
4.251576722337394032e-01,1.044636080229532471e+00
3.748249269225606972e-01,9.363420064316079205e-01
3.721161826103219217e-01,9.336590666116664217e-01
4.015126207143679404e-01,9.950992002663521241e-01
3.849932383588821616e-01,9.293505761234257534e-01
3.581993703495182091e-01,8.692425693150522825e-01
3.496370462568652582e-01,8.642116894863692833e-01
3.191947625664620092e-01,7.805306655813667449e-01
2.915598894159060483e-01,7.126815008954232589e-01
2.928149427729667686e-01,7.103503730945934791e-01
2.713182276704310669e-01,6.580844095246027869e-01
2.382032030211562734e-01,5.801888537319388472e-01
2.455318700638692564e-01,5.988945544278758693e-01
2.230035565549074728e-01,5.460246668137048731e-01
2.255584139533683696e-01,5.538320601289954404e-01
2.122354095274578967e-01,5.160981437093908886e-01
2.175314513112738823e-01,5.285153699550970696e-01
2.083308623981273699e-01,5.088707050762049100e-01
2.052378342322850047e-01,5.025316851328258672e-01
2.096660895790562751e-01,5.082927419453958651e-01
2.027292196903875687e-01,4.978153134250450917e-01
1.958958457632613559e-01,4.867001168980437664e-01
1.762341977716904429e-01,4.409845075058149710e-01
1.675540082840112355e-01,4.181049167418940948e-01
1.585016845437496880e-01,3.963634703026168715e-01
1.544196588529692660e-01,3.861751197631216881e-01
1.500946155077087785e-01,3.737300347530461142e-01
1.483966404361657943e-01,3.720282438894196853e-01
1.444206446449068648e-01,3.594313639751882672e-01
1.458459181949715300e-01,3.634587883756944526e-01
1.406899929677372374e-01,3.500154734681122926e-01
1.380217294014384755e-01,3.428548528690480990e-01
1.432893867696163059e-01,3.567873850889548559e-01
1.401511596945900773e-01,3.498868857085218886e-01
1.350357468655766502e-01,3.377038095815909080e-01
1.317005062758204725e-01,3.308470350583786468e-01
1.236410256113574385e-01,3.085819094230788373e-01
1.235406385442221061e-01,3.086781000492180849e-01
1.215718326166183028e-01,3.037098021552625537e-01
1.177941499333116093e-01,2.957738304779311544e-01
1.163353826011667286e-01,2.888901578738682918e-01
1.214378646804068901e-01,3.033162418580329645e-01
1.155720117872073155e-01,2.893855542555650029e-01
1.125121954195283658e-01,2.831872809130928093e-01
1.029321935198184018e-01,2.591463459666081270e-01
1.080412026669734654e-01,2.745735578842322111e-01
1.079689117940099280e-01,2.729389133712699644e-01
1.152051044437076427e-01,2.916310028023058609e-01
1.110125328628158020e-01,2.798639121885166392e-01
1.077166183011262490e-01,2.711961235826853556e-01
9.878250423176125616e-02,2.480789713954982267e-01
9.831167374280927462e-02,2.469441414632932430e-01
9.676672069473089832e-02,2.411510057949751706e-01
9.047109057422106360e-02,2.252034640421724243e-01
8.710007059666645401e-02,2.150793954746318404e-01
7.948734150689507061e-02,1.995248547351402557e-01
7.540068624045707935e-02,1.894289689504668472e-01
8.185581275942614699e-02,2.021200744403957306e-01
7.549374974342802636e-02,1.861773814241010072e-01
7.679802615648791131e-02,1.902011145075701015e-01
6.939375146733810229e-02,1.727837620783782557e-01
6.125996250894698986e-02,1.525582821390407406e-01
5.654752662998191459e-02,1.393729914086455912e-01
5.238404275689814704e-02,1.282221735543290775e-01
5.194349245315652008e-02,1.274981072780578817e-01
5.414135959709066165e-02,1.333238042760558351e-01
5.699003696056156171e-02,1.400980921031670379e-01
6.831982505477496304e-02,1.686303910709582021e-01
6.605711262276976747e-02,1.628025427082930299e-01
6.557013877077436104e-02,1.623400905894734902e-01
6.678984893151616864e-02,1.661603812508910538e-01
7.242119456354292883e-02,1.804993299593863898e-01
6.376196156001319448e-02,1.603117231308475998e-01
6.456791324836942680e-02,1.626316658765278034e-01
6.043588669813856201e-02,1.516892628721387415e-01
5.738562132939439148e-02,1.450480788884287442e-01
5.806101238373451850e-02,1.456802728075400621e-01
5.768322777850144051e-02,1.445947987645858357e-01
5.130760772569725736e-02,1.289513668849423256e-01
5.343004389892776901e-02,1.346854815104925329e-01
5.391366536555767391e-02,1.372300558099379397e-01
5.509976215929849458e-02,1.403068876819121569e-01
5.938918078483410717e-02,1.504687641409083454e-01
5.575814491143787910e-02,1.411609366402713228e-01
5.837598114573543107e-02,1.464764594953371912e-01
5.455017680677146791e-02,1.381437835107020562e-01
5.127610811525589590e-02,1.292439531526040908e-01
5.425090764235918767e-02,1.359331483823318087e-01
5.321400178266923187e-02,1.332651170202474034e-01
4.965441867588368807e-02,1.249880188212052212e-01
4.946157697926643892e-02,1.248359765843797681e-01
5.155332311556937858e-02,1.292472924173549143e-01
4.996829248545154450e-02,1.255215423995245938e-01
4.442883712272690383e-02,1.119265754090282561e-01
4.127402730052166790e-02,1.035422438551977103e-01
3.869941827416568947e-02,9.750235623142289310e-02
3.785151686567443663e-02,9.583039891041611469e-02
3.671988372383950400e-02,9.215129751801422187e-02
3.332613281955447426e-02,8.397645339053586011e-02
3.450723882745054122e-02,8.656319720823887898e-02
3.519718281520173297e-02,8.792274690879911536e-02
4.130669052696397947e-02,1.030795662373341359e-01
3.285052068428608030e-02,8.345268537336293646e-02
2.922262412990532521e-02,7.558103265084528677e-02
2.727582601695038855e-02,7.039739351013141189e-02
2.578524809264086046e-02,6.712078297846725550e-02
2.519430355219542950e-02,6.586312146754616514e-02
2.470807942476273625e-02,6.377677391716317368e-02
2.198406662017289223e-02,5.604711077457029400e-02
2.186017093490671623e-02,5.565926260300518846e-02
2.093309593710455940e-02,5.308995237278445883e-02
2.428437752483176074e-02,6.056399135927532235e-02
2.362389423536175037e-02,5.919659022561295225e-02
2.439848598486876741e-02,6.150291454175731837e-02
2.352023694075197277e-02,5.890778618107906511e-02
2.422478478040132610e-02,6.085345884135587996e-02
2.629000014638528324e-02,6.699787459747305607e-02
2.695982693088057672e-02,6.805968231839340521e-02
2.842830455261103478e-02,7.152088108790323473e-02
2.799792126837936587e-02,7.013554069110226885e-02
2.828658291866079089e-02,7.110565077653828447e-02
