3.976655310045841274e-01,1.000358411398317715e+00
4.143089620903656622e-01,1.028622439833063007e+00
4.464958292629158665e-01,1.088369428389692528e+00
5.594998518835730961e-01,1.374863685577720762e+00
6.125046771920862332e-01,1.493350709931779541e+00
5.624302923207701310e-01,1.391743179718978540e+00
6.836209081852293590e-01,1.745159026244662348e+00
6.513511320856030240e-01,1.653525723866957620e+00
6.128598371377269594e-01,1.526493205607216685e+00
6.188606480009939403e-01,1.511479170634729030e+00
6.327647606322512885e-01,1.529524075480124257e+00
6.552285113331337563e-01,1.563443931628736960e+00
6.782446486131179508e-01,1.615216659985441172e+00
6.497025635076224548e-01,1.552591667494588323e+00
6.917250466629963901e-01,1.669373952509447756e+00
6.817729800452505540e-01,1.637303442347805893e+00
7.113518767783316710e-01,1.714361573212372925e+00
6.724876347588980563e-01,1.626143460348550507e+00
6.899636610896130451e-01,1.671945321117101146e+00
6.652790113072495348e-01,1.620899596566244050e+00
6.777647620855669075e-01,1.645271326371063658e+00
6.863453351440770289e-01,1.669033913225902666e+00
6.761340145050682704e-01,1.639475607320680872e+00
6.026427206463103037e-01,1.468664218229006613e+00
6.138265564276771391e-01,1.494530876764420535e+00
5.855629547819632963e-01,1.424285493786036971e+00
5.233826302824031718e-01,1.285145315871385252e+00
4.968130133728242970e-01,1.221664568202756707e+00
5.204564534484141802e-01,1.274856130843872171e+00
5.489747658567329935e-01,1.336874859784247915e+00
5.398847004097706570e-01,1.318832153780288063e+00
5.195979308881744085e-01,1.274001232575845188e+00
5.039287407958142895e-01,1.232747091718995325e+00
4.978263235399048581e-01,1.217289404382111195e+00
4.982842667785820634e-01,1.218778095776155368e+00
5.090653780350250512e-01,1.244334483263936697e+00
5.077331784310225027e-01,1.242375563163652608e+00
5.085198977862690484e-01,1.241871255215124981e+00
5.202611806847340370e-01,1.268509632074551252e+00
5.171874600106108888e-01,1.260298262131853253e+00
5.083461381471031659e-01,1.241146313444683180e+00
5.092359546816196403e-01,1.243674208277549376e+00
5.114127272484511044e-01,1.247429438754063868e+00
5.112853677875435210e-01,1.248274259120252028e+00
4.963654301440823535e-01,1.211347311665294191e+00
4.957756782593060185e-01,1.208963118226417555e+00
5.060763507519796534e-01,1.232697424977583278e+00
5.065856362543560421e-01,1.230715744925477084e+00
4.983687411614697305e-01,1.214001183870461187e+00
4.920655487202256206e-01,1.196082683533323143e+00
4.916821888801952700e-01,1.193151422556302244e+00
4.907824189569973128e-01,1.188088551329638420e+00
4.849198347792907926e-01,1.171810928518128403e+00
4.840466883431453482e-01,1.169106136725826639e+00
4.676606717737073482e-01,1.131267822798831979e+00
4.466070909843346537e-01,1.081537236523081091e+00
4.165408933606457031e-01,1.015426642034047422e+00
4.083602724011148322e-01,9.990208788003921425e-01
3.879332262519231134e-01,9.513332841423560726e-01
3.667389243313224356e-01,9.017494202615575771e-01
3.594960497022285928e-01,8.811746674151781367e-01
3.445373415915244930e-01,8.435441210087006869e-01
3.386888903353761915e-01,8.280622577889830138e-01
3.306608577288215889e-01,8.098474563865007969e-01
3.071235739466831594e-01,7.543805394977900480e-01
2.957706423962652709e-01,7.299282632246221203e-01
2.975233695719770588e-01,7.359708377602725005e-01
2.952705184392356297e-01,7.341689599999960958e-01
2.911331811500227906e-01,7.221725188038030652e-01
2.921465232872471618e-01,7.260100114690395401e-01
2.876986988006868251e-01,7.143754576271057477e-01
2.775750900066347171e-01,6.902333533525228937e-01
2.716930843519979044e-01,6.746600038101753238e-01
2.662882365759208780e-01,6.604053465317925031e-01
2.599842460456393556e-01,6.452927303287899763e-01
2.593749471331773804e-01,6.403853319891700258e-01
2.340641935093444870e-01,5.789142986494483223e-01
2.134986145150225556e-01,5.297058368678443374e-01
2.130675192101567916e-01,5.301248359687393830e-01
2.140143478034609026e-01,5.288145206870771275e-01
2.063296258960490848e-01,5.105355362911598860e-01
2.102716471942825682e-01,5.182798254203851984e-01
1.980580920225124275e-01,4.895361904269175946e-01
1.812372385815056997e-01,4.481910604906693130e-01
1.748401962258462894e-01,4.345353870701771926e-01
1.739794845699544346e-01,4.342696279310818697e-01
1.727711001263511903e-01,4.310812859448373557e-01
1.672745861554440217e-01,4.193408264905458815e-01
1.696288190563084719e-01,4.237630305875182968e-01
1.625250883361208654e-01,4.056693666564881173e-01
1.650267379583479077e-01,4.114499654549700347e-01
1.664877031375592842e-01,4.140747864925048427e-01
1.679546899450410913e-01,4.164763743678862595e-01
1.788963066627616005e-01,4.416143166798015551e-01
1.730701607542035059e-01,4.273582839969984892e-01
1.643910803760743056e-01,4.038885372493968284e-01
1.503608038629842825e-01,3.694350414583093545e-01
1.501748117629112256e-01,3.699342454927468937e-01
1.500030912408711614e-01,3.721888771070337998e-01
1.368981240249955711e-01,3.427960581833299214e-01
1.228622311565572833e-01,3.089945179382739271e-01
1.250184234581520892e-01,3.120102033670941188e-01
1.156879840107784968e-01,2.899180218249526320e-01
1.144023657554827933e-01,2.873356516567865948e-01
1.051208323617148360e-01,2.691855771780970463e-01
1.019195522257056175e-01,2.605589052813584439e-01
1.011658283409741232e-01,2.590771005233126756e-01
1.054763551254462584e-01,2.660000658874881463e-01
1.105979881493275307e-01,2.738774154487476631e-01
1.051993963324461268e-01,2.610523012687304134e-01
9.401730593710831696e-02,2.346836543510551487e-01
9.075920000757094208e-02,2.282075830399387939e-01
8.969171001679486499e-02,2.240121786456348851e-01
8.817390143905985689e-02,2.199269657165779934e-01
8.200799927569597803e-02,2.015218709009779507e-01
7.591566520379457172e-02,1.856499287925899577e-01
7.471290111345472995e-02,1.832262431367045752e-01
8.782762202294586151e-02,2.150822570713959436e-01
9.357431284748957134e-02,2.278907252983810028e-01
8.580938355208383994e-02,2.116273166311839760e-01
8.023470614662245315e-02,1.992540438206273634e-01
7.796490824164192812e-02,1.959191044493418243e-01
7.321388229899335187e-02,1.847746951307848162e-01
6.617929498153563017e-02,1.671774326564240687e-01
5.920682742846422597e-02,1.489897655419303857e-01
5.816778601740659610e-02,1.469118806078082706e-01
5.806716339995024456e-02,1.444738374173982487e-01
5.112527721245897078e-02,1.267503219941940318e-01
4.862721538153340350e-02,1.208552197604170764e-01
5.023215201681183878e-02,1.230192829041326930e-01
4.978173127558854771e-02,1.213128394080814632e-01
5.244931105611458366e-02,1.281301478010297701e-01
4.903441985381885859e-02,1.197838399222165701e-01
4.448942891520666493e-02,1.095583654289011416e-01
4.356731614953155557e-02,1.072832960262615210e-01
3.937108415385248000e-02,9.704999023862624641e-02
3.883704227003707127e-02,9.592707837229449974e-02
3.926083523200663006e-02,9.751789864766420568e-02
4.102146075930392793e-02,1.019088402755976563e-01
4.126400159921754518e-02,1.021789391227525545e-01
4.304364422702922077e-02,1.064181294791613219e-01
4.121864888442814540e-02,1.024227130232802513e-01
3.557028514997424840e-02,8.816717478734395486e-02
3.092034615283060367e-02,7.640447742519601571e-02
3.049852431407734307e-02,7.473265067087329905e-02
2.907977892294827740e-02,7.168148114448262553e-02
3.117242981141146035e-02,7.654751362147289850e-02
3.434472363544491258e-02,8.348734038648487898e-02
3.914367089890855717e-02,9.530427272988677145e-02
4.158855273848102024e-02,1.017098804201708173e-01
3.980852496835549093e-02,9.790623313639366943e-02
4.367436354153212547e-02,1.072425632985072319e-01
3.983752200616221678e-02,9.841105842436242979e-02
3.493972461695390302e-02,8.602004231171243853e-02
3.522526622095478038e-02,8.694501490032538471e-02
3.604809528122214501e-02,8.874284169854308735e-02
3.536505969101469415e-02,8.678022265022358739e-02
3.559211297863592444e-02,8.731861265968336727e-02
