1.021319751713318791e+00,8.811135470473140108e-02,3.072330848288749583e-01,9.854940589246931060e-01,1.042574097153241119e+00,1.002222499059959526e+00
4.570838662092871485e-01,9.383859120650818453e-02,2.431296529036897913e-01,4.845257171674580698e-01,1.117692496548108316e+00,7.769250880368510082e-01
2.463531872281502777e-01,5.635608296011625912e-02,7.335152326051165572e-02,2.633401430800749732e-01,6.834562236431935833e-01,2.649621008625230867e-01
9.627347348008870320e-02,2.866832308655014455e-02,7.018861593213177041e-02,9.487587242102633878e-02,4.033886115367044667e-01,2.528977558309104534e-01
8.308085021548196336e-02,2.339967105677993528e-02,6.157348927440050440e-02,8.258709725779850297e-02,3.367883295910492070e-01,2.223516250419925733e-01
7.138612233249357064e-02,2.582958266104111444e-02,4.953071205180040182e-02,7.016312068809951730e-02,3.278784294384692877e-01,1.823549079407353890e-01
4.891185135878987206e-02,2.178653117988384180e-02,3.973292005061520443e-02,4.950109844519531149e-02,2.721396163102064447e-01,1.439244673573280564e-01
3.588659375929416362e-02,2.088473880030222718e-02,3.578826080892832245e-02,3.759153982118612625e-02,2.507812501223067869e-01,1.299202399898782834e-01
2.808613072810025105e-02,1.803726069531692844e-02,2.908303735180221145e-02,3.022260612701490115e-02,2.185100834744980458e-01,1.051245221771974075e-01
2.800315596804587789e-02,1.769996712496377939e-02,2.539316385720938665e-02,3.051953429031738912e-02,2.120046919454594836e-01,9.012203378576562340e-02
2.395771914179240653e-02,1.581285899030061837e-02,2.431344435464520212e-02,2.553977889356015205e-02,1.940012045550666420e-01,8.871071307225551761e-02
2.123550706279154349e-02,1.565358866264091736e-02,2.275075670993116292e-02,2.313539332996934761e-02,1.909640109891369841e-01,8.605949896668951826e-02
2.080880349214911731e-02,1.414416500454300681e-02,2.265676844779695651e-02,2.181515299717174880e-02,1.774214430714670110e-01,8.667852177691824644e-02
2.007008228142796724e-02,1.342254784956401110e-02,2.164527245973934047e-02,2.087273179318101940e-02,1.688189590917707761e-01,8.116581609566891897e-02
1.938135785327541050e-02,1.347893295577528433e-02,2.122897801958803163e-02,2.040535694033172170e-02,1.689266013330054383e-01,8.044428170864056926e-02
1.982178992611113508e-02,1.285361499607444447e-02,1.992421649818813464e-02,2.118165554090713915e-02,1.622877170923277268e-01,7.452609526227353676e-02
1.878045497027596919e-02,1.263663486979998453e-02,1.834977403104055133e-02,1.968175974266939826e-02,1.578436323121840679e-01,6.850228614816224193e-02
2.069526060258872202e-02,1.244722549531660123e-02,1.788073426601865037e-02,2.154725216604740090e-02,1.564826067658649233e-01,6.681635165691396372e-02
2.043153837277167720e-02,1.260973479168698425e-02,1.794480589028142267e-02,2.152276973664698709e-02,1.597874477485219935e-01,6.947484309127273383e-02
1.964730213498192338e-02,1.215648912728058313e-02,1.789989821201102074e-02,2.097090264440578875e-02,1.555204725134915200e-01,6.874400161082809546e-02
1.828522008017690464e-02,1.157385529158419697e-02,1.763036335839503893e-02,1.939929462235761778e-02,1.502772877696285925e-01,6.827976021369065729e-02
1.814064523181415506e-02,1.116427059146100215e-02,1.752205534475869894e-02,1.917533119232287322e-02,1.430330304695948962e-01,6.605867683463263751e-02
1.933239162383102588e-02,1.090067115096414463e-02,1.640770394329195067e-02,2.031851562030618022e-02,1.399544497393592768e-01,6.280981943456798167e-02
1.851861416270391900e-02,1.090343291032771188e-02,1.659574667391660457e-02,1.973160568415836813e-02,1.385836390166998999e-01,6.255570117299956434e-02
1.868646552297829541e-02,1.080816810798501150e-02,1.721974986271258834e-02,1.979317134486315369e-02,1.377201399870316978e-01,6.466081468879253391e-02
1.780895960636524888e-02,1.041000407240436944e-02,1.674261241320916180e-02,1.869438483673816973e-02,1.330541855314655852e-01,6.304490956780783861e-02
1.709044980125601701e-02,9.801805143813416277e-03,1.641658866073671466e-02,1.788418821999375116e-02,1.256472881738897318e-01,6.012297532988692544e-02
1.765117262418015864e-02,9.789006113364296519e-03,1.546577795867629807e-02,1.832564199729100340e-02,1.251939063484250603e-01,5.840846704391814553e-02
1.733476216683181581e-02,9.337329549476847818e-03,1.495962555565222458e-02,1.769664075159394986e-02,1.185259519304708020e-01,5.619793561176168045e-02
1.628966270298293564e-02,9.094497038739868949e-03,1.444332131950102661e-02,1.668957508502122433e-02,1.166860809359369783e-01,5.518701595962260953e-02
1.539373599038218812e-02,8.972550055180290168e-03,1.363651142643553318e-02,1.552652465364168406e-02,1.143691042232772154e-01,5.251499002791717302e-02
1.505971974314265598e-02,8.293122999070031559e-03,1.225881136069484172e-02,1.494062237565011234e-02,1.064887036657429092e-01,4.640094786803414251e-02
1.433242462103770029e-02,7.878579255265730566e-03,1.155264360809583890e-02,1.418966921637489914e-02,9.995921410365624094e-02,4.409857249432153764e-02
1.510463607127227222e-02,7.702970882628766038e-03,1.120886078894990645e-02,1.476323999084806771e-02,9.807131729121076891e-02,4.328482986011199241e-02
1.492735674954160166e-02,7.506495986282982549e-03,1.074745034089269469e-02,1.465377777588308846e-02,9.569973423615486807e-02,4.146769107064912641e-02
1.520155738121907289e-02,7.215334614583211910e-03,1.015498262421144805e-02,1.505250182468812793e-02,9.302287019997571016e-02,3.988236712647185572e-02
1.473613448673509116e-02,7.190341396299561143e-03,1.059488497713086640e-02,1.469863776989919525e-02,9.383506729726212581e-02,4.109896587841533472e-02
1.442766035939395050e-02,7.098868975271330206e-03,9.675833832385780098e-03,1.444491142561375556e-02,9.215485625121758173e-02,3.810407425200836029e-02
1.450452352971668205e-02,6.838589876697966780e-03,9.812484131509811511e-03,1.437847876546213995e-02,9.017519052439887384e-02,3.867532246091420767e-02
1.389785910379150863e-02,6.818061344766091804e-03,9.734129969713499822e-03,1.378608472078390705e-02,8.987029297265977656e-02,3.818897209256102293e-02
1.373301065481881064e-02,6.503398910732224522e-03,8.892108329629394223e-03,1.382715563302092804e-02,8.532408263166658957e-02,3.459819556779211713e-02
1.388891227173911017e-02,6.726974686825144649e-03,8.938669189870646764e-03,1.405976309131180650e-02,8.808634647016636010e-02,3.548531215457494808e-02
1.317626375702216947e-02,7.042087027807508726e-03,9.185739460528648259e-03,1.342777019149832100e-02,9.016753230013206666e-02,3.648219129758581425e-02
1.304767410091717955e-02,7.057940647440054220e-03,8.702061345648031548e-03,1.321993880919432145e-02,9.045827270741578496e-02,3.468717583309097185e-02
1.318068615518925603e-02,6.835235943617867273e-03,8.832891811239682034e-03,1.321817085560018402e-02,8.744145246044253417e-02,3.492139203764055289e-02
1.372946089357398626e-02,6.619466441455714931e-03,7.969587158015737846e-03,1.375875030219964740e-02,8.453055130977679688e-02,3.193055394004964270e-02
1.278753889857437917e-02,6.545696096813383852e-03,7.764395804827188725e-03,1.276331882251245664e-02,8.173358530893840013e-02,3.069262380989627725e-02
1.218156709293246286e-02,6.268887271754237933e-03,7.797252479974741551e-03,1.205856377449648041e-02,7.888516420752647584e-02,3.072833978907885469e-02
1.158157263420947491e-02,6.057725769155283650e-03,7.674788432882186789e-03,1.158542791243673091e-02,7.726161183021565404e-02,3.079004370299590412e-02
1.100529684371528462e-02,6.237908771224502137e-03,7.557728478691429046e-03,1.142208354790924356e-02,7.709506183537304103e-02,2.896696767180596127e-02
1.126315932515333830e-02,6.230205662821368916e-03,7.615548537577480556e-03,1.167555095348142211e-02,7.721989310135708717e-02,2.998476097718007910e-02
1.105650177363804408e-02,6.132053754006817209e-03,8.023731674934950903e-03,1.149559130975604318e-02,7.703279445618049781e-02,3.152731404720272163e-02
1.161318488690430903e-02,5.984511660391566602e-03,8.631640093207290296e-03,1.181257289406261422e-02,7.559211135416074590e-02,3.299343206591152239e-02
1.051787165600080211e-02,5.762702105462718175e-03,8.447825962667038918e-03,1.073193185199758717e-02,7.253428480151820346e-02,3.275656023808561773e-02
9.641558174433965261e-03,5.288383202308153536e-03,7.500553444004656040e-03,9.914621115557121361e-03,6.757634851153820899e-02,2.858771224648561787e-02
9.764964900240457810e-03,4.961883791927229788e-03,7.360132003494089699e-03,9.911271564291970065e-03,6.365796549533293824e-02,2.848664854139420360e-02
9.245452834176378504e-03,4.821487946069094761e-03,7.082324066902633691e-03,9.447513438346405446e-03,6.065501351203699681e-02,2.746029251499353813e-02
9.080836560237491931e-03,4.602408246295135001e-03,6.807883154952810816e-03,9.341058933425754399e-03,5.815453955586320084e-02,2.637708114836163215e-02
8.732125689204124630e-03,4.432829757150829990e-03,6.080464937989347486e-03,9.155900880226249330e-03,5.663893128215223560e-02,2.366778890893929399e-02
8.364915461813070968e-03,4.268253502282550252e-03,5.525307346815361287e-03,8.703495006710158799e-03,5.404658437301600171e-02,2.128228702507557399e-02
8.967079796389415547e-03,4.157784223577675776e-03,5.392719381830419524e-03,9.289272307707588036e-03,5.325816068206458420e-02,2.064798652621650799e-02
8.400866963909660312e-03,4.124994475950326776e-03,5.258160638591721607e-03,8.644276773763840543e-03,5.313490501603070765e-02,2.041497318068941427e-02
7.355938356936256826e-03,4.151674528652019892e-03,5.252827345074354351e-03,7.701731263161594801e-03,5.274041768435117766e-02,2.050528929062459677e-02
7.832883331128286802e-03,4.082064509738101386e-03,5.300900665027211134e-03,8.082033277722592071e-03,5.211528155343356922e-02,2.073067468480457171e-02
7.880262147770938572e-03,4.181996830304727207e-03,5.606335684036327198e-03,8.226259054723374792e-03,5.363888349017208179e-02,2.191672673348392386e-02
7.861433300144887379e-03,4.156713061892352602e-03,5.302742191288343718e-03,8.278912754677699923e-03,5.313128550674312695e-02,2.053965735629093708e-02
7.263208207883694797e-03,4.066563311428102526e-03,5.105152518701873941e-03,7.638975841470618984e-03,5.182952679947250285e-02,1.951256980896054136e-02
7.223894783791178463e-03,4.091578003879053557e-03,5.291608949291137613e-03,7.584088893497292760e-03,5.227050277198646427e-02,2.033373707245709344e-02
7.221578989370727904e-03,4.053259668671735198e-03,5.300366375777565246e-03,7.488243219406089980e-03,5.305476037345266405e-02,2.055832335122416074e-02
6.800487622017941519e-03,4.046640375997140326e-03,5.052673886028459516e-03,7.090571063217755189e-03,5.308270720600546944e-02,1.987578026062590889e-02
7.080163697905448271e-03,4.186258989943980949e-03,5.239019404497067926e-03,7.368122318745566786e-03,5.499917984626895989e-02,2.015436715574891319e-02
7.536328973874590470e-03,4.195662323944586609e-03,5.031480049616781670e-03,7.720402550128096196e-03,5.522363578565123859e-02,1.964983538061423549e-02
7.479166272648637807e-03,4.114551586214760040e-03,4.994820938577268499e-03,7.801012714745278985e-03,5.397641608843162242e-02,1.928260042483620137e-02
7.946719749662224316e-03,3.991363661544567766e-03,4.958363543267766196e-03,8.133583515706409653e-03,5.252219714886977725e-02,1.901220672282522700e-02
7.512704365689568294e-03,3.869172712537514384e-03,4.195218586126273942e-03,7.893110796459209405e-03,5.051447166320578025e-02,1.627807277862689320e-02
6.949132655476455457e-03,3.746386235199348266e-03,4.472920306639395320e-03,7.325724677955480421e-03,4.883902768357695906e-02,1.714167031242793196e-02
7.001337893165623764e-03,3.667722211528264085e-03,3.524539459671299866e-03,7.291391430346474967e-03,4.797640576265439077e-02,1.356824979681977607e-02
7.012336758935345214e-03,3.561406047113274687e-03,3.672487557856614088e-03,7.122513160645825223e-03,4.686407360982364906e-02,1.386855221561589940e-02
6.945531315145932368e-03,3.597831575094251420e-03,3.736040829503948970e-03,7.066131585115316242e-03,4.642765721173569560e-02,1.428068228206324890e-02
6.952258836067429053e-03,3.547432057266528427e-03,4.091794916541545944e-03,6.940236504817893018e-03,4.595248376100236759e-02,1.525664120568102564e-02
6.566279918462088021e-03,3.463518761571175112e-03,4.036940557128092071e-03,6.572654260833496118e-03,4.497354637957867024e-02,1.528155861246201924e-02
6.022792959416038705e-03,3.427139794283266382e-03,4.031853429052343306e-03,6.141615728578670060e-03,4.447826517626531778e-02,1.536130800265630807e-02
5.974176123098379892e-03,3.337774849080010243e-03,3.690998497412513544e-03,6.159920614863108497e-03,4.394223875563841447e-02,1.440927223631780808e-02
5.810645379202563146e-03,3.314521308192300200e-03,3.730489540729168066e-03,6.040265922725346175e-03,4.356853355006983647e-02,1.446351330201062560e-02
5.750685751269557153e-03,3.364356650319204941e-03,3.692763527362862529e-03,6.064382979168185875e-03,4.387055132476828934e-02,1.444756858786504922e-02
5.858796007022274571e-03,3.231772137344114323e-03,3.796259397406531472e-03,6.233830103840118896e-03,4.272706358849909236e-02,1.495173702131518713e-02
5.779706866594945015e-03,3.239051442130426624e-03,3.836562071022695062e-03,6.275726174383791829e-03,4.321628819347008571e-02,1.532957478632957816e-02
5.831336058797467227e-03,3.125495385463712434e-03,3.744607599399165775e-03,6.360508787797253608e-03,4.167513573001097732e-02,1.487791524511343673e-02
5.809950353035584630e-03,3.114708473559190879e-03,3.669121226098972892e-03,6.269664721308987679e-03,4.150410266159060280e-02,1.446980189579460778e-02
5.855234939803417339e-03,3.130724075125935514e-03,3.914654431127498335e-03,6.238106274122429823e-03,4.139948834074086426e-02,1.541778317417512832e-02
5.576932181694012856e-03,3.173453305849798737e-03,3.666104899410822619e-03,5.992366498869427377e-03,4.179285346005278540e-02,1.456833525905681936e-02
5.202315076509979666e-03,3.125203313396837570e-03,3.544285746260447418e-03,5.720853868289774852e-03,4.094905485294272202e-02,1.403839596586249454e-02
5.018466169915214783e-03,3.154033232925642846e-03,3.515352972234931685e-03,5.647775757209604758e-03,4.076179116858734408e-02,1.362696104446077701e-02
4.715173511650165399e-03,3.130945539613655838e-03,3.385387279040828756e-03,5.446167755699769276e-03,4.025247003582616001e-02,1.313447431458999830e-02
4.763024929213003668e-03,3.150283162378977268e-03,3.409245326505637615e-03,5.340564975891416190e-03,4.084787670584916902e-02,1.336680811128166009e-02
4.815473623639075947e-03,3.201880321119995876e-03,3.446327079312828771e-03,5.373762242868009367e-03,4.116819167982765232e-02,1.348825131010023340e-02
4.624069175725028895e-03,3.208884820268573940e-03,3.495121481774265352e-03,5.198702222743794253e-03,4.139611073806014757e-02,1.373795701306827766e-02
4.222584090112135348e-03,3.135168026585118464e-03,3.482422301074320197e-03,4.771815394033084370e-03,4.021480312031145560e-02,1.364893556025893913e-02
4.213435508736203955e-03,3.089294492129721331e-03,3.510017587911988882e-03,4.730092899256107923e-03,3.943744360666000259e-02,1.364560852453788019e-02
3.968435247424777039e-03,3.163097732770038355e-03,3.369549540900857419e-03,4.572653158502432841e-03,4.011534170192448262e-02,1.310138251333046490e-02
3.989859922844911713e-03,3.165380963637217521e-03,3.411959746840500466e-03,4.723412763818024204e-03,4.057594397713280843e-02,1.331603648620995062e-02
4.107978737762913238e-03,3.125850857750581829e-03,3.402161406351798898e-03,4.781447631733750682e-03,4.069871063637559017e-02,1.330852217313415777e-02
3.842109455592270743e-03,3.121436356849699965e-03,3.290592657154641637e-03,4.441192185702644291e-03,4.009807589423922819e-02,1.289660299670334319e-02
3.759465955160918270e-03,3.069159826763442553e-03,3.173595687243261840e-03,4.218385731893963680e-03,3.978152541669367770e-02,1.249772552576063761e-02
3.842927628762652075e-03,3.057866084917275264e-03,3.010414411614549621e-03,4.355226030319135459e-03,3.934496991684448275e-02,1.167928576076086682e-02
3.845771590263510811e-03,2.998280669291749495e-03,3.024859661275883845e-03,4.367734525663298333e-03,3.884585894080845592e-02,1.182395924946670965e-02
4.394336553851040973e-03,3.035177302977347218e-03,3.046320287104119923e-03,4.776260468388316034e-03,3.922933939126538316e-02,1.189588486170730340e-02
4.582641799723972086e-03,2.988257729292104811e-03,3.225071726065079514e-03,5.089858669404176243e-03,3.860265464535368035e-02,1.252682767610757003e-02
4.536457338051191022e-03,2.988704721411010370e-03,3.400007798643264398e-03,5.016018744978666122e-03,3.868588262805162242e-02,1.325550007746770405e-02
4.679529922901421064e-03,3.026261835915552631e-03,3.425674112074960937e-03,5.074747962380036018e-03,3.882380741857154732e-02,1.336641533586459783e-02
4.503724589149311550e-03,3.074123509640288524e-03,3.292941938430498424e-03,4.894429870902227558e-03,3.951487090800589325e-02,1.281099364856166239e-02
4.576342577394127906e-03,3.078726415693967908e-03,3.276760494079008698e-03,4.926972936157154349e-03,3.936858454381428341e-02,1.258384288694673440e-02
4.601495059823851319e-03,3.021240410967779028e-03,3.251975971432923083e-03,5.024566327731612957e-03,3.882562916375872225e-02,1.246946151025439542e-02
4.434756215282117421e-03,3.046213481602291339e-03,3.325598695546562109e-03,4.916437021094431821e-03,3.889476775210896908e-02,1.269931948426973080e-02
4.435944388267221150e-03,3.055878781681600244e-03,3.357610945539211186e-03,4.821103456474082685e-03,3.889982999669598651e-02,1.276053645364356830e-02
4.303613686212593228e-03,2.989027618948644945e-03,3.353954811281637059e-03,4.544843437965650525e-03,3.803702524394504680e-02,1.279314589927826526e-02
4.326613103847981416e-03,3.027526767700894177e-03,3.445602064113544635e-03,4.563066264747800242e-03,3.865729466332242653e-02,1.311137814055212715e-02
4.365254101418475884e-03,2.968244548212457725e-03,3.498739397307782870e-03,4.583097617206947395e-03,3.807395763628592528e-02,1.352474012752476890e-02
4.104182275404265855e-03,2.960188614011809161e-03,3.656513185272733911e-03,4.386470509030535557e-03,3.788393393545778226e-02,1.397757664642354167e-02
4.117330873428554083e-03,2.993922289270093979e-03,3.575628525581424702e-03,4.418785238430901485e-03,3.793913731485065027e-02,1.353937323504067654e-02
4.069976363507972310e-03,2.991223217003366117e-03,3.556825523433088977e-03,4.389110739515602287e-03,3.785364826012226069e-02,1.350146792057637345e-02
