9.360303144675679032e-01,1.421109285729952598e-01,2.727504015233954138e-01,9.512528867537873856e-01,1.752270567956990099e+00,9.060862740263241344e-01
6.312387026957668734e-01,1.053746100216732817e-01,1.641871585417656043e-01,6.776867278205870315e-01,1.272400453009651322e+00,5.275421103228939979e-01
6.160001921637421329e-01,9.832064823254330066e-02,1.589508335850480791e-01,6.589573808931087351e-01,1.153151725167745223e+00,5.067378887901300422e-01
5.784888759569625227e-01,9.960799293275171551e-02,1.761193821303836671e-01,6.121467909287720000e-01,1.188825088196983071e+00,5.530158446681303630e-01
5.347574208348900848e-01,8.443861892125063828e-02,1.586117302287976261e-01,5.664013572183963507e-01,1.009768962220320754e+00,4.897530503783749101e-01
4.008693286472473916e-01,9.047510198030185580e-02,1.785678727852336445e-01,4.272499678048883309e-01,1.118512665283587726e+00,5.709279520659167328e-01
1.129605675641045942e-01,7.718037567451180303e-02,1.023208163497912049e-01,1.156100185230120175e-01,9.785232090610226363e-01,3.218933886286344803e-01
1.095043977605075769e-01,2.901519769004228325e-02,2.979255898749173792e-02,1.136437561192573664e-01,4.015613969535770100e-01,1.016008048430286775e-01
4.787654868902661148e-02,1.478711376018186988e-02,1.870028295548788189e-02,6.033125307417935845e-02,1.941155143815973816e-01,6.209059341734092519e-02
4.409090854790718994e-02,1.112212242267207433e-02,8.206011247437942566e-03,5.865769128480005645e-02,1.527134836221547554e-01,3.001607256399647927e-02
4.348058187423631260e-02,1.253244055613469965e-02,9.100316442006782525e-03,5.609281206755342003e-02,1.582324819549249528e-01,3.478801845777392682e-02
3.763396954396128202e-02,1.205422116698251847e-02,7.960041746219583686e-03,4.851831716219538043e-02,1.489480663380774450e-01,2.844059972155036156e-02
3.425084141001845384e-02,9.162486008471446702e-03,7.474465219546619181e-03,4.269194868359367512e-02,1.230740107694887203e-01,2.737692121158540048e-02
3.154865980041058476e-02,9.353731188766577567e-03,9.793435086633028516e-03,3.891456101580030580e-02,1.232391247533334566e-01,3.421924626987102314e-02
2.521228149993609557e-02,8.660735233405386299e-03,7.517652993232510662e-03,3.302111367975255757e-02,1.120510644759405844e-01,2.650745604980555767e-02
2.542698597900173649e-02,8.425903356725874746e-03,8.952011699529383373e-03,3.480839426568488326e-02,1.099662486958686014e-01,3.239172365278317200e-02
2.313875502898540479e-02,7.648723343199842310e-03,6.103561064053927496e-03,3.090462567624576926e-02,1.052831358355699881e-01,2.347347344638013936e-02
2.766169438680623344e-02,8.399599424198624792e-03,7.416791251029620537e-03,3.152903805789188108e-02,1.139607547095168594e-01,2.574204446677063121e-02
2.444461443413365603e-02,9.313253959042238489e-03,7.941652124265244361e-03,2.813271506153017243e-02,1.222160877255010769e-01,2.754649056926578368e-02
2.138931159132360579e-02,9.178905078030161549e-03,6.115454727078581572e-03,2.397075101531311730e-02,1.207293002765511547e-01,2.246913747132703310e-02
1.997057393396030681e-02,8.335379556702004339e-03,6.237398997959529151e-03,2.153851399069850459e-02,1.027904071283062548e-01,2.191249488943078014e-02
1.858545290737421626e-02,8.243585972769524109e-03,7.529998983138670721e-03,1.954698318709452431e-02,9.591136500669524001e-02,2.567078576001163154e-02
1.733685178224987286e-02,7.487158411319212899e-03,6.559357378689904122e-03,1.773845242983301818e-02,8.791220375795437414e-02,2.318843643284641820e-02
1.329797518011998844e-02,6.670091008458933594e-03,6.642627561084885057e-03,1.388648647589051620e-02,7.912908382287724141e-02,2.328891694066585749e-02
1.174919489256385889e-02,5.712840562599913116e-03,6.626157233228508261e-03,1.263518261838165839e-02,7.021161387006942534e-02,2.383666759106559466e-02
1.143671409405084410e-02,5.136560533277918436e-03,5.678417451235111615e-03,1.281990136847906137e-02,6.505600750165413393e-02,2.039869544621527447e-02
1.074917871356281807e-02,5.071428921771798867e-03,6.216508394939919240e-03,1.214453524634327534e-02,6.440300941224338938e-02,2.264354959639058515e-02
1.046629016876745623e-02,4.712365926820978081e-03,5.902871458168297211e-03,1.154719680442734334e-02,6.072418046416694359e-02,2.137522562137052565e-02
9.737488414236192963e-03,4.762122502110878626e-03,5.891262834195789243e-03,1.041872257868000501e-02,6.155724188660657153e-02,2.074214436838595424e-02
9.718705056826081393e-03,4.801282651857488593e-03,6.393479892755214028e-03,1.009499936653345149e-02,6.067328474964619328e-02,2.256681641990836151e-02
8.301994387284352198e-03,4.313959527854991510e-03,6.234979244967831478e-03,8.760353359128104228e-03,5.640377370418462460e-02,2.185003399353391967e-02
7.620604479231463980e-03,4.195649292360756344e-03,5.926024111065466941e-03,8.291229747294848185e-03,5.448484010699173458e-02,2.082690196564812232e-02
7.939064670095719381e-03,4.064504598391581978e-03,5.588777593825959393e-03,8.579161932821245673e-03,5.374447336744583859e-02,1.944123766475933449e-02
8.624854260978009543e-03,4.189250922001073844e-03,5.988059688787862253e-03,9.318964846810355238e-03,5.571295090635184494e-02,2.088609890873613026e-02
7.971579832354748832e-03,3.891456418108040979e-03,6.688122385820572877e-03,8.998275839408736987e-03,5.285922402095412365e-02,2.320285508305532443e-02
8.091954064123564258e-03,3.457660788641668016e-03,6.301249823550524737e-03,9.380892676256843976e-03,4.677594757279174981e-02,2.155043456898266679e-02
7.769375634067852282e-03,3.412285746533555604e-03,6.071696742228891754e-03,8.890447091206990851e-03,4.554609564147094752e-02,2.081087579221213568e-02
8.368394367916422508e-03,3.525527856840069037e-03,6.114063739047563041e-03,9.358268097819803788e-03,4.776463124240620806e-02,2.073755954128338533e-02
8.498342601583453934e-03,3.483368664562551398e-03,6.116420395123216280e-03,9.420624632593731576e-03,4.705093782852959317e-02,2.060836073257794193e-02
8.243827074592213061e-03,3.538864086164422457e-03,5.886407123823261291e-03,9.379094003425068535e-03,4.653499794862821920e-02,1.954568919319583237e-02
7.348372277242457007e-03,3.422111759769994564e-03,6.082122390531747268e-03,8.251628743687461007e-03,4.498324736234502602e-02,2.023197863973289629e-02
8.332246931540646454e-03,3.473156313709356048e-03,6.504650641356531093e-03,9.270857840029423161e-03,4.469576053031993484e-02,2.182039207692785740e-02
7.758230058263917636e-03,3.284879557769759297e-03,7.039113164197257841e-03,8.572725541886705436e-03,4.178960564925828652e-02,2.373731354408589386e-02
7.346589145188694991e-03,3.299147729150987522e-03,7.010873330541193306e-03,8.031278533838207348e-03,4.126786650781053001e-02,2.352823385903301395e-02
6.708155139142126140e-03,3.106895907704922220e-03,6.656921243193022683e-03,7.248177701277461193e-03,3.879190015030941491e-02,2.239875698051566402e-02
6.347982874660903878e-03,3.043115249216723529e-03,6.631301612471694057e-03,6.910178944670746469e-03,3.779665502930103227e-02,2.214495286871823870e-02
6.036142117907973732e-03,3.002637150612872709e-03,6.696528608909576609e-03,6.554607268823404997e-03,3.688273746306642425e-02,2.231148227075537005e-02
5.709111718148588560e-03,2.983803653984190736e-03,6.501728653843707496e-03,6.186942639596646441e-03,3.683147016581888450e-02,2.153447422282613391e-02
6.149646379867030124e-03,2.861874763160879905e-03,6.250050259873434454e-03,6.459709571274094980e-03,3.512929234445554688e-02,2.086474267863218726e-02
6.303259312017781696e-03,2.759869106732637783e-03,6.120170265690590486e-03,6.702182534847527483e-03,3.374804001480269378e-02,2.039427077320989795e-02
5.887273552748257914e-03,2.627502393680824361e-03,5.828594195199080299e-03,6.413140917028951372e-03,3.241818777860278056e-02,1.935757237998245520e-02
6.195286198972157696e-03,2.847008690599529650e-03,6.185401667211088556e-03,6.783995300720030604e-03,3.434700444762363303e-02,2.038919337590385308e-02
5.984126180765325653e-03,3.099443183174014921e-03,6.307831640610211434e-03,6.641739453791458206e-03,3.685212244970565570e-02,2.069806924263479370e-02
5.978102419123233410e-03,3.167498325090994417e-03,6.138325696039618334e-03,6.605338744801732102e-03,3.761271534384410392e-02,2.021319003631896760e-02
6.133715564092167595e-03,3.116137739660241202e-03,6.092404795867699049e-03,6.725513403260937467e-03,3.712083107313313146e-02,2.002847064006990294e-02
5.985908352147551424e-03,3.086009653194243720e-03,5.932285790957191052e-03,6.545720223782255411e-03,3.698977544680309704e-02,1.950226896575535385e-02
6.046803618018016871e-03,3.101754745579864744e-03,5.848499476749128949e-03,6.653575815749000581e-03,3.717958546420000593e-02,1.938973924045840971e-02
5.903405841936432488e-03,3.107535843308888244e-03,5.753661860256355058e-03,6.495858992093971399e-03,3.718352333222015027e-02,1.898590641239375487e-02
5.752008508012201177e-03,3.139468125412120652e-03,5.995541677374794341e-03,6.261514680637168297e-03,3.748289824253519392e-02,1.973037472044895241e-02
5.621315104134635803e-03,3.105514413622147574e-03,6.021108298460828810e-03,6.160417619115946507e-03,3.708177674422522691e-02,1.977989997950791931e-02
5.912784283869547582e-03,3.249673738432981226e-03,6.161171001639868805e-03,6.247596217834335865e-03,3.880934169137922884e-02,2.042411643346264336e-02
5.906098899871281040e-03,3.258503184551171487e-03,6.316456821152408030e-03,6.290682892114021242e-03,3.904955976373783444e-02,2.102121793727808677e-02
5.905434256100254055e-03,3.270210185899517091e-03,6.460497772091771534e-03,6.226208221693185947e-03,3.912427943978293715e-02,2.173080384186886274e-02
5.789151536656062663e-03,3.282752246012397845e-03,6.272972360686837959e-03,6.228729803905391597e-03,3.921852667316931551e-02,2.107988986353320771e-02
5.862542300449375549e-03,3.530119119910757938e-03,6.238494639720269623e-03,6.250230349106667034e-03,4.246804715505141797e-02,2.099449251551841616e-02
5.900220125276473514e-03,3.453971885645002338e-03,6.108702710330328120e-03,6.374602430780420062e-03,4.172840600390648885e-02,2.033622046514922330e-02
5.689552924773150049e-03,3.442262529426337592e-03,6.301778091539741999e-03,6.123622040349895740e-03,4.148320976015791584e-02,2.089304818408900533e-02
5.319980543688666332e-03,3.374653202693226380e-03,6.384760285076447432e-03,5.763025494030777837e-03,4.074811746166025900e-02,2.125700090159838088e-02
5.573819106571490170e-03,3.290752672700968367e-03,6.248092680186254771e-03,5.952015698884247953e-03,3.980692913318727155e-02,2.061756979488799449e-02
5.740130317063629230e-03,3.250025851981089113e-03,6.083861957342465154e-03,5.957201042484164266e-03,3.879338188596807152e-02,2.013688247157882638e-02
6.565966184726458425e-03,3.141109009771444506e-03,6.295227168988083537e-03,6.648515170310152073e-03,3.734645553977794519e-02,2.093683375493739923e-02
6.339764156718678302e-03,3.149271519618995329e-03,6.243696075625463325e-03,6.374817185763132811e-03,3.792553762499362852e-02,2.064158583222808901e-02
6.079076845379228523e-03,3.163341889911073287e-03,6.168082297454330343e-03,6.192668167438931774e-03,3.811930959720422757e-02,2.056324195502372623e-02
6.869923963074516839e-03,3.163703761268143056e-03,6.242647871266914991e-03,7.027532609139994051e-03,3.778795317373354751e-02,2.076701392183111228e-02
6.676176282470798300e-03,3.050970916162483188e-03,5.978533707223707833e-03,6.910157890084446357e-03,3.641545788148792262e-02,1.967351598812780780e-02
6.817611498829840612e-03,3.010080135189397484e-03,6.017797729007831609e-03,7.101754746069699128e-03,3.641367544145995144e-02,1.970195478622316712e-02
6.476731490189415429e-03,3.070197673971996038e-03,6.086666150629015462e-03,6.811983218900471287e-03,3.717724003488023787e-02,1.987267914782840650e-02
6.300310382238233191e-03,3.125694864787951794e-03,6.172237093900268326e-03,6.652296925342504261e-03,3.780700664324734839e-02,2.009456462013597608e-02
6.231170430441481355e-03,3.031787272253708924e-03,6.139089385957189303e-03,6.513701644213859554e-03,3.654553010640324007e-02,1.999374086471238793e-02
6.105218996391021703e-03,3.044723473198082762e-03,6.059887146343724378e-03,6.450828992045292733e-03,3.659001787304799747e-02,1.968730023933502882e-02
6.163432461482851003e-03,2.963704883899771683e-03,6.043960404420680235e-03,6.471861725475276834e-03,3.577622286754631592e-02,1.962171639047310609e-02
6.178666793510626323e-03,2.977776100159290704e-03,6.181012798681367187e-03,6.447899246361217009e-03,3.593439505628447106e-02,2.005685553139407648e-02
6.026356307567298093e-03,3.003840490990023187e-03,6.214709295760239768e-03,6.286633211769541811e-03,3.632354384276759857e-02,2.015944528095059071e-02
5.800207623773701894e-03,2.898357271603622682e-03,6.196347801941242198e-03,6.087898666576178376e-03,3.494016658876609310e-02,2.007762114585592492e-02
5.945030165655919990e-03,2.845354755265642153e-03,6.081765208576594625e-03,6.212952256601127383e-03,3.452979078323038797e-02,1.968371180565473347e-02
5.860223279153104620e-03,2.841753745906096685e-03,6.066389511618875026e-03,6.133508086358960970e-03,3.445443306346319956e-02,1.963767468413887829e-02
