9.912748586441108012e-01,1.789707460539498307e-01,1.965348501971818096e-01,9.879063084697290442e-01,2.183458400286939050e+00,6.279741242247974808e-01
5.941386302618829607e-01,1.004612364616482567e-01,2.151647426662246232e-01,6.248258689286035894e-01,1.187544970938194000e+00,6.632517824512446092e-01
6.215945970706154844e-01,9.846125414927438257e-02,1.760280679108809088e-01,6.637017364518752460e-01,1.160301721119664675e+00,5.620026044612125293e-01
6.105884032381995175e-01,9.642868800440151933e-02,1.757534773769912628e-01,6.498244473732331938e-01,1.136908023017417779e+00,5.576125544658916411e-01
5.675501870038834884e-01,7.607342219256624238e-02,1.888836678693462945e-01,5.952007935280413387e-01,9.425769100130424460e-01,5.865591238109534311e-01
3.897131136043142652e-01,1.003927468933872164e-01,1.550681527033452856e-01,4.464575426481631748e-01,1.223270980878631287e+00,4.845899168707952231e-01
1.072774530738059839e-01,4.255830695267959901e-02,7.102896276994215274e-02,1.031345402531822913e-01,5.411778981685553269e-01,2.333897716552391088e-01
8.036293996551435725e-02,1.697486179963199684e-02,1.753339700232912565e-02,8.191570168598713564e-02,2.197141254441890568e-01,6.358785905846074671e-02
4.310859428348777500e-02,1.156472528911045052e-02,1.316812104122700756e-02,5.314101489890150215e-02,1.481824856147261060e-01,4.645316932783305486e-02
3.192235326271115198e-02,1.038610647347177653e-02,1.241363027990593365e-02,3.825457982741856805e-02,1.315838353441721453e-01,4.418895295171984539e-02
2.598323205983920151e-02,7.133060901764074965e-03,1.897852755577073697e-02,3.060676882074886418e-02,9.145994491913657376e-02,6.361994615342914106e-02
2.392124349554812859e-02,7.829875061990627938e-03,9.731954107682532287e-03,2.630796223160784472e-02,9.659857406571768779e-02,3.519482888972562395e-02
1.496113851758700854e-02,8.122163958380489504e-03,1.158188336547669693e-02,1.849890001596362146e-02,9.893888785780310946e-02,4.160413252211988405e-02
1.333755951055152870e-02,5.809816012612211387e-03,8.016172271976554353e-03,1.672649976751540077e-02,7.718363379074197339e-02,2.838775145570738082e-02
1.518940988351104131e-02,7.718509406648004466e-03,1.039450187802191082e-02,1.580140153440381598e-02,9.439354851337601604e-02,3.568121927532787868e-02
1.238227618847742052e-02,5.308971355199791457e-03,6.619733507226700786e-03,1.323987102709824407e-02,6.161255473317834436e-02,2.195020656158949007e-02
1.137533031153467600e-02,3.687945345764286759e-03,3.990229043506849683e-03,1.222178782506664653e-02,4.870472652017644732e-02,1.469670105464567812e-02
1.063350696295939542e-02,3.255425934701496916e-03,3.971115748975718139e-03,1.090874467734443722e-02,4.518069249266822018e-02,1.471668679617884126e-02
1.182552935584521049e-02,4.080280257653260204e-03,4.565974639198446330e-03,1.199686582898618244e-02,5.077755238924080289e-02,1.638077150226624479e-02
1.202170801397228588e-02,4.227075373470946286e-03,4.250062482686904966e-03,1.223861870025606986e-02,4.896162388692723577e-02,1.518220065671548741e-02
1.107291065422428070e-02,3.600402843089624098e-03,4.229010728349550871e-03,1.114873496244796897e-02,4.268307390754218916e-02,1.515099593092090677e-02
9.618730659003619718e-03,3.174549913390599300e-03,3.629889851322742628e-03,9.794783494339775326e-03,4.067035658432960332e-02,1.478693797297632971e-02
9.093535498913356621e-03,3.004961292996452624e-03,3.875870168536786099e-03,9.357554126047853277e-03,3.866381141209944416e-02,1.449728429878203821e-02
8.851082507601179539e-03,2.855256136707817402e-03,3.670860064445430077e-03,9.032742425686180604e-03,3.552244651096132105e-02,1.377622326974532220e-02
8.093236506042756490e-03,3.229634126463945109e-03,3.716585971964443940e-03,8.405908816619376417e-03,3.851444350384552323e-02,1.301525022154535402e-02
8.102469043761681075e-03,2.840709150632323311e-03,3.298819289962593576e-03,8.481026383461902005e-03,3.498949100763320413e-02,1.190086490470320529e-02
8.592806691311561523e-03,2.738467591436103288e-03,3.392589731795759948e-03,8.847558817425760919e-03,3.436049529055869300e-02,1.185839772527706899e-02
7.934257017424506397e-03,2.594680687830332871e-03,3.264039092407580115e-03,8.240005551645161741e-03,3.397028810771590690e-02,1.094525294925961963e-02
7.654598553240376559e-03,2.507776106748421489e-03,2.856698821195879923e-03,7.986077569038371390e-03,3.046006186007646846e-02,9.834062094646088895e-03
7.782155844114914053e-03,2.443031584977588527e-03,2.992184194877515763e-03,7.950911503131988939e-03,3.043993829898205758e-02,1.017688758065819765e-02
7.627748881716622624e-03,2.277195650914633912e-03,2.903043897817737373e-03,7.699681140222945121e-03,2.956347989690834635e-02,9.941573518126373826e-03
7.322291286121043394e-03,2.303746115903127552e-03,2.633281746954987783e-03,7.402271277702734270e-03,2.878763803697128795e-02,9.142173342092621557e-03
7.247554272848711308e-03,2.449778690843290672e-03,2.151823981341715545e-03,7.325489224218988127e-03,2.983750331596582775e-02,7.738445976577293904e-03
7.506438513390167010e-03,2.336985790999625799e-03,2.216567115545256973e-03,7.515050381863752973e-03,2.883606318273207805e-02,8.309192549184316046e-03
7.349807368199663335e-03,2.088222059141108498e-03,2.722919923652799071e-03,7.346072268791043608e-03,2.672502442513483706e-02,9.229224958987741062e-03
7.861772681779868183e-03,2.096039922197486405e-03,2.223915617535195642e-03,7.775507868847045603e-03,2.672800177756953777e-02,8.342638734272543252e-03
7.815055516428611251e-03,2.146694050397659776e-03,1.951393437028892293e-03,7.768996671094904709e-03,2.743798690744620947e-02,7.497844256352352577e-03
7.173746481372718538e-03,1.884568483349307504e-03,2.229209584733193080e-03,7.201187803670814312e-03,2.510902793987146095e-02,8.220969547473432754e-03
7.807429460220310057e-03,1.890109466998680021e-03,2.232748182911846804e-03,7.723807900843000090e-03,2.557616606772158616e-02,7.980166272280564757e-03
7.249124066415268269e-03,1.947676786718575666e-03,1.942730378403816896e-03,7.214280648368358133e-03,2.541075414608039845e-02,7.808684881818340334e-03
6.921469073990871995e-03,1.943295072105234375e-03,2.208194767699953216e-03,7.014403118225577549e-03,2.505199079385577593e-02,8.361133665223780334e-03
6.727476029759611904e-03,2.089405933867822824e-03,2.317581312071543068e-03,6.882974234159565906e-03,2.641699502671234975e-02,9.203223113329462093e-03
6.170316476995512008e-03,2.045456137833938891e-03,2.168871295755834486e-03,6.322840561822851840e-03,2.570496388872160407e-02,8.610623131382192860e-03
6.309708291110183512e-03,2.068108117449622869e-03,2.242234817435650052e-03,6.508285886368457736e-03,2.641615508915934676e-02,8.991476737542669281e-03
5.999455969847301319e-03,2.181870635529750170e-03,2.334969997320723942e-03,6.086421209601800171e-03,2.571562633163299375e-02,9.223444031849634822e-03
6.052520227696039576e-03,2.036932288452831478e-03,2.323781675714664801e-03,6.102753933452682161e-03,2.516212042364851173e-02,9.031792474657891409e-03
5.618348358216924444e-03,2.020429618711554881e-03,2.184233911298348249e-03,5.700266132668409952e-03,2.533928597743945188e-02,8.937989281053118629e-03
5.626672778690707498e-03,1.853485375564553617e-03,2.246404224943641427e-03,5.719580214304616737e-03,2.356553458089497705e-02,9.220295727165641816e-03
5.581816616470798749e-03,1.816302881287342689e-03,2.278216602490131578e-03,5.659901859173838146e-03,2.292450604584913426e-02,9.265928600335836263e-03
5.386747777321342599e-03,1.683502241212592350e-03,2.197118737457606774e-03,5.465987413150381370e-03,2.202313844334277335e-02,8.919925597091083597e-03
5.285646799792717912e-03,1.737167410984358272e-03,2.250887293576286571e-03,5.383967416318645276e-03,2.291195480295303913e-02,8.947643774964203836e-03
5.018064396711460588e-03,1.885699097118119115e-03,2.077383194693918460e-03,5.062217785971868250e-03,2.331974528877787944e-02,8.364450550703537296e-03
5.002632826507757112e-03,2.093817624438643141e-03,2.149075504193232594e-03,5.050478172756197974e-03,2.443170243161651642e-02,8.425740339757344793e-03
4.850226380299353657e-03,1.985597711885360092e-03,2.240828302963363862e-03,4.884914843193362971e-03,2.338255879377710428e-02,8.500479426395386034e-03
4.656390160454345825e-03,1.877965097784642682e-03,2.613460358507048008e-03,4.771876853693259729e-03,2.328775517235042933e-02,9.338642594913475550e-03
4.674486976084388928e-03,2.163189642666798508e-03,2.402012234782525263e-03,4.767196046047037297e-03,2.662151416985601704e-02,8.647154459689668921e-03
4.962006769536678880e-03,2.294960873648629537e-03,2.275101655573151180e-03,5.143053594810120289e-03,2.759727113905521834e-02,8.175524206452761122e-03
4.942195850333073841e-03,2.204372061214993593e-03,2.318123171319794347e-03,5.072779095170659898e-03,2.608165993461039264e-02,8.026242613597663403e-03
4.737882431330248979e-03,2.122657248354476757e-03,2.110744572178330659e-03,4.802510651767069420e-03,2.545423119865653297e-02,7.681914834957488322e-03
4.448016465126801607e-03,1.929422088039158510e-03,2.325432228685977380e-03,4.525669614325775539e-03,2.309936723207267617e-02,8.257203477673703829e-03
4.446034021232994279e-03,1.741602282544786042e-03,2.260872573797260716e-03,4.654797895446264461e-03,2.184169676602305127e-02,7.899643042498596252e-03
3.915854171860736442e-03,1.578991444448829811e-03,1.744090379298106168e-03,4.008650029572589056e-03,2.064155677811789144e-02,6.284005796880849995e-03
3.714794467397418941e-03,1.649306502178980597e-03,1.874865770797791561e-03,3.888555670504473261e-03,2.075128635777805791e-02,6.786261111910637904e-03
4.074422159741703658e-03,1.613477070482208925e-03,2.166844599509001271e-03,4.178415122806130276e-03,2.069790198297827288e-02,7.662013170020444408e-03
4.026442482229235578e-03,1.647425762048089449e-03,2.181710527862221281e-03,4.076310234532019329e-03,2.125062728018174349e-02,7.809389626752621071e-03
3.852283085252103303e-03,1.671356794228261644e-03,2.012894602002849361e-03,3.968418165675479878e-03,2.109630524023305836e-02,7.310004561067592714e-03
3.783377333968643199e-03,1.736133400625999770e-03,1.980492681881699905e-03,3.937633578320813392e-03,2.160932526496676595e-02,7.145141280897222835e-03
4.019815863794078299e-03,1.777594101803205802e-03,1.817447276483810268e-03,4.213110850935187709e-03,2.168679731540551492e-02,6.603211019413789476e-03
4.058551327384376205e-03,1.914780054402876993e-03,1.919371554263012234e-03,4.340420772448168145e-03,2.292420181235096943e-02,6.927975779199210642e-03
3.872540797131122665e-03,1.813336122826612407e-03,2.207435801306203028e-03,4.014897584995372366e-03,2.192989152013674267e-02,7.924102591282754238e-03
3.979760039305498681e-03,1.790865003644855893e-03,2.493448725688764828e-03,4.101191146366774294e-03,2.117403775500256019e-02,8.986794519416620164e-03
3.714994975863617020e-03,1.800126147038067686e-03,2.141609262605503362e-03,3.811062419724983979e-03,2.126545460041508531e-02,7.568789014553620707e-03
3.616859782922007653e-03,1.774315420065473341e-03,2.105784922184475352e-03,3.652053870345026241e-03,2.135955738399730394e-02,7.390314157378636423e-03
3.804014195359589276e-03,1.868365775167100734e-03,2.091385085978386162e-03,3.878078663427011324e-03,2.232982196170583966e-02,7.469855747970041877e-03
3.825457791313574118e-03,1.862159392402165181e-03,1.919891912677345117e-03,3.905142593860158433e-03,2.252413740161006428e-02,6.767064934156041302e-03
3.691640572426590008e-03,1.837270056654136900e-03,1.969621387737902941e-03,3.786762439964215174e-03,2.208698192552904435e-02,6.887266215158424458e-03
