1.014641745335242318e+00,8.162398536050430309e-02,3.017869298027605063e-01,9.767528820461038874e-01,9.851175619304517461e-01,1.011771676112278806e+00
6.108972031991435347e-01,9.784241901725425350e-02,1.785984749263081484e-01,6.536550075997213938e-01,1.157420822256874926e+00,5.839534339947507480e-01
4.859220864545913399e-01,8.133335541799238677e-02,2.120025556923889887e-01,5.600563349620715226e-01,1.019616157439796611e+00,6.715484335060331045e-01
2.673312709631323059e-01,6.339026568042606391e-02,1.358129698207323488e-01,2.865678443157104738e-01,8.084959386486776367e-01,4.316724882179715506e-01
1.039793384929256909e-01,4.094263198627002415e-02,5.979293961264762342e-02,1.184216037958544521e-01,5.105418194437534307e-01,1.959987707978844973e-01
6.944984675970340693e-02,2.287332447124353421e-02,3.751138858052877056e-02,7.349653164053121523e-02,3.521842405114016250e-01,1.380321648260926515e-01
3.637708106667089658e-02,1.838723198031264744e-02,2.748003982595353598e-02,3.853618072615443146e-02,2.469488949606853667e-01,9.338740795537144035e-02
2.765501131797096918e-02,9.968983308434632706e-03,1.427678532401192163e-02,3.040750323882772735e-02,1.360255395528758016e-01,5.264923608697156393e-02
2.783421654669299486e-02,9.994195324440855246e-03,8.829340188497172490e-03,2.917960594804594465e-02,1.254644950419323279e-01,3.451566590734718443e-02
1.899125364426872478e-02,5.793209873758465439e-03,6.920926829340695065e-03,2.146294653218489348e-02,8.073934401669542738e-02,2.645237220571599809e-02
1.932525820028277441e-02,6.214010890550897628e-03,6.886200391168159803e-03,2.095410140980413088e-02,8.327556600683473642e-02,2.633824356181599727e-02
2.046373045754713155e-02,6.109821343352191819e-03,6.897094494219086977e-03,2.211053190841056129e-02,7.736386112122552172e-02,2.628485890770915559e-02
1.915638110487846713e-02,5.165574773632402097e-03,7.405110419481699714e-03,1.985618233832235277e-02,6.877528927674671222e-02,2.575951734633854379e-02
1.756401462141123776e-02,6.364038216346324349e-03,7.474612413688234112e-03,1.846456870552826146e-02,8.064789673687319804e-02,2.632638352539571139e-02
1.261035790428048295e-02,5.511430013444659770e-03,6.863250364975303011e-03,1.279957254907021155e-02,6.894788552265253279e-02,2.551352942901376555e-02
1.100506445278521921e-02,5.516165373186849435e-03,7.533825184111124854e-03,1.122234744419195115e-02,7.181214265065039015e-02,2.644374090259204307e-02
1.129241821578591196e-02,6.309446938730508062e-03,7.143885335821558054e-03,1.140179235612585017e-02,8.217909395799830041e-02,2.537393181173920251e-02
9.026366292292071700e-03,5.145620462099707512e-03,6.216052335450855150e-03,9.478900465135291567e-03,7.104745698681877442e-02,2.344659413263012679e-02
8.643158156727259386e-03,4.561503082638799188e-03,5.516113506376934747e-03,8.913745042193523677e-03,6.127188605934701798e-02,2.058519692479968827e-02
6.877057364208264030e-03,3.844761671188110224e-03,4.850196230015489489e-03,7.582157914340936257e-03,5.110931080486907224e-02,1.764073250551720026e-02
5.964854247031730478e-03,2.944335477168847585e-03,3.675075172707365639e-03,6.427901529462338309e-03,3.739907406720446165e-02,1.393797628823684534e-02
6.483084878127577666e-03,3.075168135202236645e-03,3.201393360465328887e-03,7.011077560414531729e-03,3.872343031339168379e-02,1.268498696666736821e-02
5.603337405445031616e-03,2.697571299820587798e-03,3.223626208916990313e-03,6.042010865878751080e-03,3.488582690361023697e-02,1.206382630473155741e-02
6.240430347047236370e-03,2.327916582462393608e-03,3.730743547232288036e-03,6.503041367966590561e-03,3.026883805297341315e-02,1.338049192606360904e-02
6.052036234847888753e-03,2.247352502789314727e-03,3.727500514461766501e-03,6.367175296198388824e-03,2.916863568817892535e-02,1.303889471482199379e-02
5.689030329798352992e-03,2.300710481665994931e-03,3.683647628430957409e-03,6.197643696157077373e-03,2.938856210862807530e-02,1.337462033459908654e-02
6.153535837832986057e-03,2.371461999835457104e-03,3.299876567738077235e-03,6.682647521758445369e-03,3.080202412438722004e-02,1.248049545308851233e-02
5.877768439783979428e-03,2.349293914637352963e-03,3.596714423630689543e-03,6.587675609012578516e-03,3.087790935974239759e-02,1.274845196280530168e-02
5.528528622834270705e-03,2.151714028189249429e-03,3.121076007316507615e-03,6.095487715804438419e-03,2.876006465419540803e-02,1.147615962575802492e-02
5.221243386290970977e-03,2.038863092708413129e-03,3.253013599014013216e-03,5.557623331419454631e-03,2.810877679295586268e-02,1.194819491548530961e-02
5.146515091770906790e-03,1.952977553591517734e-03,2.703341321550191152e-03,5.314693301525274041e-03,2.718167039526353870e-02,1.082571574039094091e-02
4.858404024105395826e-03,1.950419743794167427e-03,2.419323946957056305e-03,5.182406739118273174e-03,2.521532646829293539e-02,9.595899501664329617e-03
4.892910037755509971e-03,2.079075614064991671e-03,2.170816924376604232e-03,5.504166684258449821e-03,2.640506311468690526e-02,8.454232375064979835e-03
5.310743193950844682e-03,1.963916372110970955e-03,2.222600753038078865e-03,6.002476411835315495e-03,2.601461907280807478e-02,8.898943716472453719e-03
5.052627820514125033e-03,1.872544485757474684e-03,2.177131708986503739e-03,5.794307819113301769e-03,2.465998685930515313e-02,8.289074084709377108e-03
5.217486099572545867e-03,1.956547146237858515e-03,2.823241746353151362e-03,5.803449641461812074e-03,2.532704466172474786e-02,9.650435682937750365e-03
4.407160716039155296e-03,1.851279957885345641e-03,2.603912142504495510e-03,4.815085521683375516e-03,2.416154766418056321e-02,9.420169473685379921e-03
4.256283538891843070e-03,1.970302862584176560e-03,3.195539240232694693e-03,4.765246709720060390e-03,2.435084970273784441e-02,1.091601771539842634e-02
4.069001478329315434e-03,1.915379182782695052e-03,2.880043322888688976e-03,4.580809299636706862e-03,2.375349667771419968e-02,9.916902231545029686e-03
4.153524901558528805e-03,2.131734544299299355e-03,2.614749775085239026e-03,4.480061452786020075e-03,2.591911434807808376e-02,9.219614990545021982e-03
4.355633140095658412e-03,2.411876049676457256e-03,3.001392834553971364e-03,4.575403105047440820e-03,2.995689066064254752e-02,1.073330208407039313e-02
5.430298486623941732e-03,2.544198025622415767e-03,2.689701358662803521e-03,5.535313768008172722e-03,3.129714716821590387e-02,9.886245683035872756e-03
4.938653155266750291e-03,2.265434685758228612e-03,2.284194838493806747e-03,5.030613703525612518e-03,2.775502651390139575e-02,8.976038391130520752e-03
4.248194454645777898e-03,2.254118267855228716e-03,2.175499038803685968e-03,4.302882092397546272e-03,2.730699638026767850e-02,8.309878988171147049e-03
4.229951447852218875e-03,2.047200389444655232e-03,2.286370846906820523e-03,4.222424640845743454e-03,2.456666937432778683e-02,8.503228017009423212e-03
4.026670465883912600e-03,1.795910478429431226e-03,1.977437540402363341e-03,4.117062338338672509e-03,2.179769328530642425e-02,7.390060114993469119e-03
4.106497804149203575e-03,1.790117558725465990e-03,2.045196835344390441e-03,4.154981281741182766e-03,2.206020101708542833e-02,7.776295206341817673e-03
3.770520500909518152e-03,1.813473758176564841e-03,2.195508560207933956e-03,3.860514314643057922e-03,2.276443342473677411e-02,8.161488956299787351e-03
3.384069856230865255e-03,1.642989695518654253e-03,2.072819077257918429e-03,3.448197940795228681e-03,2.083223394186045976e-02,7.782637976659379474e-03
3.489851116410569963e-03,1.711893805990278130e-03,2.055910505236277930e-03,3.607074695962028069e-03,2.136297274975951233e-02,7.858605192597838129e-03
3.287499238126014283e-03,1.818801575838500028e-03,2.157433962488116384e-03,3.402908987158112259e-03,2.249835299447005416e-02,7.696464364883258240e-03
3.365084604152370883e-03,1.929081157531091061e-03,2.104052032021398039e-03,3.417607463336937417e-03,2.336185171936730129e-02,7.488830856582688600e-03
3.414906696829376857e-03,2.113078120347128535e-03,2.215624650086111917e-03,3.385551552345233452e-03,2.607801037893759180e-02,7.871721681386259842e-03
3.288697029664538769e-03,1.980947473146736464e-03,2.188764976834605119e-03,3.306510247863554686e-03,2.488326263931991966e-02,7.948601029862617171e-03
3.301627709962932748e-03,1.976441457416615657e-03,2.181840036602564290e-03,3.346533755127454983e-03,2.445333731376814201e-02,8.103177761536108081e-03
3.270068601176703144e-03,1.893854375943938677e-03,2.264647398007376463e-03,3.270201502980651844e-03,2.317349528763815170e-02,7.952242987499760773e-03
3.190524932760906845e-03,1.802378746458680337e-03,2.039792121315161817e-03,3.220418032384286724e-03,2.171580231720341564e-02,7.307132825478603044e-03
3.301725061311849840e-03,1.870290878871970789e-03,1.940346233176590577e-03,3.338122425809055775e-03,2.273805257147650319e-02,7.019594502248384035e-03
3.256600238970328454e-03,1.653977156055820878e-03,1.988008914247530422e-03,3.244936032592033587e-03,2.003862522557866080e-02,6.964659662319581772e-03
3.031226606196184108e-03,1.610222853399919871e-03,1.883301656387651249e-03,3.074541669250101163e-03,1.954917024659047139e-02,6.696820280130845633e-03
3.190705092185117456e-03,1.708905456556005171e-03,2.161372801177706155e-03,3.261069175662907518e-03,2.060230599207317145e-02,7.596032767390987518e-03
3.295525914321279816e-03,1.765790252026667485e-03,2.093371254609351518e-03,3.377737574501759547e-03,2.141586332008683924e-02,7.349762965254149315e-03
3.121232793259264091e-03,1.527355772621633110e-03,1.991906826140673117e-03,3.189253751415315787e-03,1.883605789600608510e-02,7.071467983166718728e-03
3.164140073641372262e-03,1.583932556131534188e-03,2.123843799786100019e-03,3.222276773271187146e-03,1.948151224343550730e-02,7.406700059974680173e-03
3.025452536086106585e-03,1.545224471857189596e-03,1.952446232518151260e-03,3.092215289394118632e-03,1.900342655497742894e-02,6.906271773777043592e-03
3.063642082649014470e-03,1.452796349380671868e-03,1.913585589841536490e-03,3.146969983107811199e-03,1.836648821720425831e-02,6.960929168252241381e-03
3.118422134948864617e-03,1.500573001549916283e-03,1.963360614976516257e-03,3.233897106167564223e-03,1.869391494329539563e-02,7.198591160081245846e-03
3.010975126821729270e-03,1.466956970103027369e-03,1.881583040381104100e-03,3.112439805243245611e-03,1.828752004445197837e-02,6.981978484282326709e-03
2.663666827054600450e-03,1.494794997235229317e-03,1.832707957842509994e-03,2.733984273091078464e-03,1.837553729395050017e-02,6.835065403208386361e-03
2.673920284631686479e-03,1.434602285414443047e-03,1.843277536941440465e-03,2.724743088609018950e-03,1.770101697178655745e-02,6.824917043150399709e-03
2.642603349458438194e-03,1.426549947236504991e-03,1.805757653302501355e-03,2.687273414500914066e-03,1.762067667387042305e-02,6.713666960042529927e-03
2.567708658070297616e-03,1.387266646026510562e-03,1.765834169074662454e-03,2.593744807654596238e-03,1.729678711701375382e-02,6.586379134549204088e-03
2.669955523821270112e-03,1.408088088097641643e-03,1.781459741635896352e-03,2.671676119172647877e-03,1.739554106135060216e-02,6.636893541398947854e-03
2.681167367533338324e-03,1.438233679347489420e-03,1.770159083250452420e-03,2.694987915287816276e-03,1.767656528119380260e-02,6.587909439425347971e-03
2.720922596609195825e-03,1.458802174504623787e-03,1.767182266853945579e-03,2.773161170111000055e-03,1.780525282275671056e-02,6.595915808093224218e-03
