1.031445790435406851e+00,8.411255521038467353e-02,3.103368177619217350e-01,9.934317127994732877e-01,1.004767261382326415e+00,1.019312972030316899e+00
3.523375296491408903e-01,8.635509305588771889e-02,1.289387726588150651e-01,3.969467974654885545e-01,1.054664354062153642e+00,4.106088052510581954e-01
2.500815426810698017e-01,9.110777578116285857e-02,1.410501403322132197e-01,2.941623386466522549e-01,1.105986005777496617e+00,4.390945523141461804e-01
1.408653058824829996e-01,5.359248725154248938e-02,8.890880134448327088e-02,1.782481789455363230e-01,7.605250871483215658e-01,2.935154774781709719e-01
1.139071742935006959e-01,4.987468873528324437e-02,7.661651980757999691e-02,1.254374576329540525e-01,6.651262261268670040e-01,2.623716924102937886e-01
8.547640475713565167e-02,3.728551114469107197e-02,4.608605638377676755e-02,8.524511691291404569e-02,4.604312374366808513e-01,1.573275174661851739e-01
6.801330516151551930e-02,2.404807054363239036e-02,3.444049267786529478e-02,6.395127871956038379e-02,3.009456280002417716e-01,1.151879703410900319e-01
3.567134978977609672e-02,1.968490967006543066e-02,3.793472998553538977e-02,3.678899308552539132e-02,2.478409957647800810e-01,1.257150838576348018e-01
2.758315535314706524e-02,1.444348669869509327e-02,2.048099670736875169e-02,2.778413843074672290e-02,1.719572197941779679e-01,6.943091032996447087e-02
2.480080387900438638e-02,1.093808062973823138e-02,8.977939254870288821e-03,2.984666546820737704e-02,1.322453199060502071e-01,3.278914007259472324e-02
1.799878229618207676e-02,8.531757184578110664e-03,8.708390631569671442e-03,1.993261969866591543e-02,1.029777296679187382e-01,3.138297754902700382e-02
1.536343621674453666e-02,6.711582729932498784e-03,7.974993272223495147e-03,1.762356753926617656e-02,8.089724414963869736e-02,2.807218105395203889e-02
1.525011411359258190e-02,6.945283218100989538e-03,6.802071757559965091e-03,1.595938999646182022e-02,8.222480981449382942e-02,2.373259623651404956e-02
1.159089575812202559e-02,6.218371868300416258e-03,4.916249220117657748e-03,1.288983290118982106e-02,7.554158377165140492e-02,1.813752669267805831e-02
1.215162312589319372e-02,4.854492301816787890e-03,4.980728778569925783e-03,1.278844189063266246e-02,6.107057046996378080e-02,1.774632857666654656e-02
1.304785587581759783e-02,4.946763387548190442e-03,4.777824399759000168e-03,1.340468719770028863e-02,6.272995121747176883e-02,1.654459817041144601e-02
1.010081468022490381e-02,4.281091503289096920e-03,3.856983052585032708e-03,1.114469246757460522e-02,5.406874461328349535e-02,1.366351149172413855e-02
9.196207597862451899e-03,4.121289171224578989e-03,3.441853125303311490e-03,1.030840499813604795e-02,5.399775727383977070e-02,1.256059901033416450e-02
9.576869172339878486e-03,3.948511856020479362e-03,3.638086823929344901e-03,1.099787035059362171e-02,5.194474843405173098e-02,1.223885683656289122e-02
8.803207629820761909e-03,4.131187529056457204e-03,4.397393180031241092e-03,1.011299291955243193e-02,5.312771635841777307e-02,1.451482623608175461e-02
9.587298511618314728e-03,4.501001283825332294e-03,4.923630796413511548e-03,1.087036166893667541e-02,5.706009745168730968e-02,1.654870269552429288e-02
9.700361798116218306e-03,4.445196546814016159e-03,5.087636623725762426e-03,1.072399842130746309e-02,5.921138432951361663e-02,1.736597125694407801e-02
9.179074118720601666e-03,4.246888823838540668e-03,3.423620721838538643e-03,9.925942507167620499e-03,5.403198502449146901e-02,1.194903298295309398e-02
9.030407762158923490e-03,4.069971140082861462e-03,3.404103489266043382e-03,9.539437664662314340e-03,5.086273744790480167e-02,1.171001399979357087e-02
8.973240496791932627e-03,4.047381495492470907e-03,3.238180072972402651e-03,9.254716557583810357e-03,5.053447777001236069e-02,1.117563471215190195e-02
7.994204680962308657e-03,3.565962746282714656e-03,3.141104804882304067e-03,8.826472022436304687e-03,4.444531289347992270e-02,1.076127287924667254e-02
8.243653680874155759e-03,3.361161751964093086e-03,3.083582973744850454e-03,9.417735316817447272e-03,4.344044880187412916e-02,1.043123784643378536e-02
7.648197309488369636e-03,2.929863616750832695e-03,2.790372397802988631e-03,8.802831621664846881e-03,3.971257849731780337e-02,9.738992910497427588e-03
7.341125348237615388e-03,2.774965586223302871e-03,2.575065689400985597e-03,8.260618290804905284e-03,3.664619450216908408e-02,9.282195686846661173e-03
7.275820104173321562e-03,2.818585230064106842e-03,2.259713272287832038e-03,7.915845343218701202e-03,3.687811861114627388e-02,8.066786921746997574e-03
7.193464351320465015e-03,2.866111917981660918e-03,2.372527156248226306e-03,7.929420727154396983e-03,3.603697129509462332e-02,8.298069388552648321e-03
6.438098505725469052e-03,2.734924607640072496e-03,2.439964289555096675e-03,7.023979533014118593e-03,3.568217654891485402e-02,8.725829278636642455e-03
6.255859420816091941e-03,2.894309579234798438e-03,2.702691828620506533e-03,6.897334251839261875e-03,3.745234383163539155e-02,9.352160812713505855e-03
6.093367116125637459e-03,2.671561941889616029e-03,2.201654971867348688e-03,6.710426768154187198e-03,3.511935047537472626e-02,8.017260339708070713e-03
5.721098456257237702e-03,2.583727465566302162e-03,2.164663977371638313e-03,6.249173055905992737e-03,3.380996912087597811e-02,8.011237094299388656e-03
5.490883938915312908e-03,2.438746654470912677e-03,2.114410343785209662e-03,6.053205001345303080e-03,3.254332728205706904e-02,7.658698286654270007e-03
5.139470523465969505e-03,2.436111771911704180e-03,2.072419364856442625e-03,5.483688524190967993e-03,3.183009111591208334e-02,7.370352889842987643e-03
5.174678158614095212e-03,2.432229716837784605e-03,2.397691059100110194e-03,5.646513958821875769e-03,3.108458386001578325e-02,8.323918844701750849e-03
4.933767453722593711e-03,2.304876541637061564e-03,2.245636198475988755e-03,5.630457370613738653e-03,3.073617592753785308e-02,7.784998755395057708e-03
4.734239659832548304e-03,2.232585869655009936e-03,2.602200641923247022e-03,5.490210650750702165e-03,3.063316943161822209e-02,8.889754881847065568e-03
4.816608951033827211e-03,2.182090660271954110e-03,2.358269375715870819e-03,5.447562638666058818e-03,3.012212565999325756e-02,8.177832336159287369e-03
4.558749747020313624e-03,2.236760989592357241e-03,2.175726152464182127e-03,5.264577575717716007e-03,3.056563220360220337e-02,7.715929659025828544e-03
4.706345702893076008e-03,2.158480699567688881e-03,2.245648672318736969e-03,5.331232513901719774e-03,2.878432028152457314e-02,7.660700949754109014e-03
4.310905977677640527e-03,2.249479841600264714e-03,2.104675274310636567e-03,4.830484845893575144e-03,2.974639933092992211e-02,7.272289325587694316e-03
4.184802902242712452e-03,2.081025122814170961e-03,1.666433058541108743e-03,4.771774698104214521e-03,2.773323833263969043e-02,5.887543122346340814e-03
4.472039657315520292e-03,2.074361126555629518e-03,1.777551827187767329e-03,5.451384727230351550e-03,2.759429595512463695e-02,6.344081332684043187e-03
4.381585212884904490e-03,1.991070884885715216e-03,1.719583826255512149e-03,5.588780632326432324e-03,2.701635817202148807e-02,6.047349337585417560e-03
4.331868831844830868e-03,2.013800584752228461e-03,1.730188043044239956e-03,5.748664149228446124e-03,2.686217373253792923e-02,6.097694381009498982e-03
4.001026507618910856e-03,1.865250660026924112e-03,1.655458595994978256e-03,5.296427031706911655e-03,2.491886650403339273e-02,5.757134202119793681e-03
4.096894651040691206e-03,1.902282766516279417e-03,1.708166493204421208e-03,5.332743570710740851e-03,2.539086904444512460e-02,5.939797751207292684e-03
4.324769238300081933e-03,1.934350959644869691e-03,1.685414810855723373e-03,5.387006229781510398e-03,2.560506239213659191e-02,5.850935732521048843e-03
4.268672426003601583e-03,2.038863773023768394e-03,1.458242300029362684e-03,5.246778745760027202e-03,2.615306607043227718e-02,5.155883743912025724e-03
3.977619939266422398e-03,1.918931033227269049e-03,1.420612223452780501e-03,4.871218397057585671e-03,2.531439494817349853e-02,5.038974548488104645e-03
3.786722700408123605e-03,1.782006464046326146e-03,1.421429682139136071e-03,4.713835778027745949e-03,2.393462905994196352e-02,4.941417325165864752e-03
3.583043795713980115e-03,1.936535643937839545e-03,1.765146321900092725e-03,4.575209335817588367e-03,2.560893480541495335e-02,5.994734644292615613e-03
3.375164332745996063e-03,1.906452848322225503e-03,1.590119527957137725e-03,4.406577030700001632e-03,2.516272832527018458e-02,5.457722143507375175e-03
3.368482478503554388e-03,1.707731094000765597e-03,1.603030555828673532e-03,4.741488024163078088e-03,2.321750065207899352e-02,5.531461403688885808e-03
3.261766247918513554e-03,1.535676285253975964e-03,1.520551798735837214e-03,4.353723123211197636e-03,2.159689083162123768e-02,5.262499751560141721e-03
3.158849340118314187e-03,1.536688715741733272e-03,1.468347218632264041e-03,4.159623017461529931e-03,2.161569447102567459e-02,5.126087444170602733e-03
3.368872505891281743e-03,1.648741405215840708e-03,1.423149775166454101e-03,4.324937446906644556e-03,2.283990639408015749e-02,4.977869353241230754e-03
3.533402388099517524e-03,1.730482977201434989e-03,1.664801227281608939e-03,4.285147128687633034e-03,2.331284879066149174e-02,5.812161946260900949e-03
3.510310347369414909e-03,1.602789654440473248e-03,1.529200918089828861e-03,4.237224806751532270e-03,2.224150192717567684e-02,5.299028992683267082e-03
3.490179676533401287e-03,1.584777442581375949e-03,1.555061464358533990e-03,4.229995447902690046e-03,2.168081040104390469e-02,5.329405911873001320e-03
3.484493000031811324e-03,1.556075751961945482e-03,1.456724509954742883e-03,4.055902452284788733e-03,2.161727790823498793e-02,5.009285308720622457e-03
3.361688575777626795e-03,1.551876930104167940e-03,1.426622940327709798e-03,3.906396319570983738e-03,2.147038044954774350e-02,4.894267228910880591e-03
3.271715625286243916e-03,1.615400081624402458e-03,1.454917763997017575e-03,3.937492798578514849e-03,2.168306040724161943e-02,5.101900148191468136e-03
3.332488132929422014e-03,1.687703650690270145e-03,1.491365500067054093e-03,3.948586092428369235e-03,2.237938889801635925e-02,5.330217784708363334e-03
3.312463824747840634e-03,1.780367772596717219e-03,1.609314667860799793e-03,3.754908505019720431e-03,2.330137319730833656e-02,5.764523285658713393e-03
3.368358782495346412e-03,1.790116245751430723e-03,1.549402212893529482e-03,3.945712139294794973e-03,2.323568923225587460e-02,5.539683076242619096e-03
3.314683203383860660e-03,1.768056921590407558e-03,1.446396068842048565e-03,4.066134661865707968e-03,2.310021792094890322e-02,5.191894566959030788e-03
3.381869139640027427e-03,1.807365934277764975e-03,1.571199149643991112e-03,4.179500306423649530e-03,2.345648589215305543e-02,5.578136519811642546e-03
3.404714847360886410e-03,1.821389349681340822e-03,1.707907286603598538e-03,4.076981324187567771e-03,2.362425499400590961e-02,5.836341895866963177e-03
3.193433742834355521e-03,1.848282274315762950e-03,1.507449935285458138e-03,3.813083892260788789e-03,2.403869758978622456e-02,5.388388342490139579e-03
3.120373518637118131e-03,1.760672473076840524e-03,1.447950105784602580e-03,3.811847449494300873e-03,2.300138397867045742e-02,5.167299830513892231e-03
3.225346464910946141e-03,1.715364439293678078e-03,1.426448099379001204e-03,3.904814692547958158e-03,2.296681318969916868e-02,5.078441387311078553e-03
3.251426381793107948e-03,1.703374552985823269e-03,1.423862713668883886e-03,3.790490201076108113e-03,2.263357653505819814e-02,4.936488174240460762e-03
3.456594645452166006e-03,1.584697556328371537e-03,1.277489196681808135e-03,4.205096948305032771e-03,2.146518970066799495e-02,4.416888546367605563e-03
3.192214852345696702e-03,1.564470381271514240e-03,1.296549969533362587e-03,4.033795622345179473e-03,2.119894518237228770e-02,4.408592336224721915e-03
3.186674533285792279e-03,1.584797113825776264e-03,1.328825346911970346e-03,4.083479897322548832e-03,2.113316743219556190e-02,4.559648101547349001e-03
3.016314875339875211e-03,1.572041778893921516e-03,1.328062261256541003e-03,3.826231835568832691e-03,2.071857793005249179e-02,4.537762569348590715e-03
3.000012858653372614e-03,1.523109265714275374e-03,1.362866970274736328e-03,3.785855645508338484e-03,2.006162213448197187e-02,4.588282168035613152e-03
3.046671875943274006e-03,1.520336488983245341e-03,1.357924519187762380e-03,3.824120111485418850e-03,2.010379539686893771e-02,4.573629147834593588e-03
