9.848782334886143630e-01,8.257628626836933938e-02,3.038998524345825070e-01,9.563452086155049825e-01,9.975063636101739739e-01,9.984915486924325068e-01
5.536555088042242057e-01,9.619983128844802889e-02,1.437987143538974055e-01,5.854565703055387704e-01,1.131018093456871432e+00,4.395325019765304875e-01
2.965216038484566607e-01,7.592332827839799736e-02,1.290878492538692635e-01,3.268246043142220003e-01,9.295314552250789619e-01,4.067713398098810607e-01
1.118363256513946052e-01,3.848361704009228834e-02,5.052663349454421943e-02,1.365555938760258936e-01,5.022613335701009429e-01,1.686757777536059266e-01
6.323295535928402655e-02,2.113029933348767667e-02,2.157996634464083574e-02,6.725538024603858189e-02,2.682244491112193430e-01,7.770399441660909290e-02
3.831386206435410946e-02,1.095237881686762088e-02,1.350907639907883255e-02,3.959020706455310817e-02,1.301491908853862900e-01,4.779513086608713074e-02
3.448824698806850220e-02,1.044096929050070122e-02,1.062987672533992692e-02,3.564626266390177184e-02,1.258413453415309358e-01,3.994394206546421355e-02
2.308935460542291956e-02,5.359267476307150863e-03,1.030826532640857947e-02,2.560129416407578781e-02,7.068200308402089460e-02,3.630498849788918458e-02
2.033258804875943612e-02,5.689613918074993247e-03,7.623950995568761976e-03,2.435207900464618838e-02,7.584987465604188517e-02,2.812445811504440604e-02
1.545194424412277973e-02,4.373593071302682780e-03,4.187421784358255628e-03,2.066869959539340343e-02,6.508487122039118000e-02,1.559020384098781103e-02
1.194682873332880875e-02,4.729872838874013205e-03,4.917052931416417832e-03,1.490543480759257480e-02,5.774009015299273739e-02,1.783779530949386113e-02
1.167806154497766022e-02,4.398565622939753714e-03,4.857426129558209404e-03,1.456521369878933762e-02,5.623247905960372661e-02,1.813857048881598044e-02
1.096824489337089141e-02,3.720335114742538783e-03,3.297787805553433361e-03,1.230945073167917687e-02,4.562865394201304908e-02,1.178495456078742891e-02
7.793258802270904180e-03,3.501399815986582648e-03,3.938788803690937076e-03,8.603527268863804187e-03,4.256002175883721178e-02,1.385604938872719502e-02
7.043194827640573280e-03,3.326430822097856382e-03,4.582934850778675254e-03,7.420294876658995419e-03,4.069507429943946403e-02,1.540642590534697931e-02
6.066182523739015522e-03,3.420834272966208432e-03,3.924892710226852294e-03,6.542682683006043401e-03,4.263710751040600960e-02,1.364368320217536172e-02
5.657768875436280410e-03,2.869406615710041672e-03,3.258716675570715298e-03,5.976585027309090289e-03,3.550846169282200621e-02,1.202635394793923930e-02
5.407746799269712648e-03,2.876677945727915478e-03,3.613395733834047930e-03,5.836044106114326828e-03,3.518385267382106302e-02,1.327109560318458920e-02
5.538322844359472134e-03,2.237118989220371161e-03,3.426462174051516166e-03,5.720062481618457505e-03,2.733989984039997614e-02,1.251576655664693449e-02
5.008348894061345931e-03,2.356640532581368887e-03,3.128344977112964241e-03,5.289083937887505485e-03,2.824431492457105466e-02,1.174236322385188713e-02
3.884977883612852987e-03,1.998627054797420723e-03,3.122081857045880086e-03,4.284157699249091164e-03,2.487470523588953750e-02,1.118652113776395958e-02
3.721744059460982499e-03,1.741289901824542592e-03,2.434970658383503808e-03,4.093909502795693711e-03,2.272584372872256744e-02,8.215843798825431601e-03
4.042227488550165400e-03,1.571248285409347547e-03,2.225707055910940320e-03,4.308492961010964087e-03,2.118700559492239788e-02,7.431276064214733905e-03
3.463695236136001519e-03,1.448742120599626898e-03,1.961630040224162774e-03,3.887074920386817019e-03,2.042135223069171598e-02,6.670414927540149232e-03
3.296017829086328281e-03,1.349866154573640259e-03,2.180629660549486971e-03,3.766354796708772708e-03,1.924033592979002005e-02,7.356627892789025999e-03
3.844359808100555973e-03,1.428739502882707098e-03,2.054662267342289433e-03,4.088063257104514181e-03,1.894272943413624274e-02,6.860234241343412045e-03
3.533180379452917786e-03,1.569212311836711785e-03,1.822344809165796047e-03,3.852231806082245889e-03,2.042022102489077229e-02,6.092515515951107095e-03
3.049326224910966793e-03,1.324160736687453235e-03,1.647765754460914353e-03,3.317230075140599910e-03,1.673030634777249517e-02,5.611693586688132167e-03
3.059159320472013607e-03,1.351647015993064169e-03,1.831228713548068788e-03,3.304116405540593899e-03,1.696643109896124949e-02,6.280047101254430594e-03
3.042046858431997867e-03,1.423084834250888447e-03,1.736535281954515062e-03,3.539462703901710087e-03,1.784861654232242079e-02,6.082851272593706518e-03
3.041129510905460787e-03,1.212705064054360460e-03,1.775373543392978629e-03,3.377498314031464072e-03,1.583087456601848728e-02,6.075395129648045699e-03
2.844306906556367306e-03,1.238584078977787674e-03,1.576675845238559737e-03,3.070881526080975355e-03,1.616417369379764823e-02,5.578612948388352380e-03
3.111227655804386320e-03,1.253074052776205569e-03,1.636372509810239250e-03,3.369027241583874999e-03,1.594485169329415419e-02,5.770724435495447509e-03
2.724011604529949244e-03,1.130974773363449971e-03,1.621536084212796486e-03,3.015225540347719110e-03,1.430660578835750603e-02,5.781063289692313020e-03
3.115789579075968051e-03,1.200735884105362788e-03,1.678602633837728356e-03,3.301025701313984283e-03,1.456108066946998521e-02,5.932367503074723394e-03
2.834901429740640123e-03,1.174124700176411122e-03,1.741915687512952298e-03,3.058622432147059447e-03,1.466836397777124615e-02,6.180741581871228296e-03
2.711450698287683116e-03,1.111507709823852334e-03,1.729776298366451481e-03,2.974545891143821810e-03,1.457357078862019095e-02,6.086875663896937697e-03
2.663805291757863521e-03,1.058991897844441818e-03,1.611635834773323317e-03,2.875112355722473159e-03,1.385230741085607606e-02,5.475277884395713529e-03
2.296983372810346234e-03,1.118678731505424713e-03,1.473054802715259397e-03,2.526586302213067441e-03,1.396634601163378869e-02,4.976052465755618874e-03
2.290903396018132733e-03,1.075157569615952692e-03,1.474644644508292220e-03,2.478685694651290485e-03,1.316792217811490508e-02,5.027149535549831766e-03
2.014551361407344431e-03,1.049167890048382373e-03,1.225282256495908127e-03,2.191464567741492446e-03,1.283363864700958271e-02,4.271235639357106283e-03
1.777138998003333775e-03,8.116123454350544428e-04,1.263189152854573248e-03,1.892942363285427020e-03,1.020018304697504694e-02,4.480719125803364448e-03
1.932611328599794171e-03,8.627037652139293682e-04,1.299086872582935022e-03,1.972633845395743105e-03,1.079502378851809191e-02,4.553437427737352938e-03
1.908464801483922757e-03,8.621062671976443973e-04,1.227063860576752896e-03,1.958623234100908845e-03,1.121457468032433652e-02,4.291084104862502926e-03
1.862369480203087584e-03,9.190681881036397508e-04,1.202725549486593354e-03,1.921484294742872682e-03,1.194457312205510040e-02,4.376882897147691548e-03
1.819000199812706615e-03,8.613468008050384137e-04,1.076529986748616090e-03,1.840438843439016776e-03,1.127582255478667972e-02,3.795788397623796762e-03
1.643528086363292172e-03,9.083572264085676114e-04,1.010460372309330635e-03,1.691734275496004558e-03,1.134109506115904553e-02,3.540268931452232679e-03
1.750413526448723516e-03,9.602247162464816943e-04,1.038966199533389052e-03,1.755245867051983709e-03,1.182516535104251656e-02,3.604026092520865726e-03
1.525969046418457252e-03,8.859457595581986342e-04,1.000174094442354052e-03,1.529110778398530286e-03,1.089987645750540787e-02,3.375587348259607556e-03
1.631609182433359662e-03,9.125411006299153195e-04,1.020005325670098354e-03,1.602649449697286831e-03,1.103267130358828382e-02,3.407883156688530646e-03
1.307775367809372322e-03,6.923561580248310506e-04,9.229565299895159825e-04,1.316045884109488372e-03,8.411833764479230424e-03,3.153766294738826782e-03
1.167763555476361787e-03,6.775639298057256361e-04,8.240212542878261239e-04,1.200081912773393088e-03,8.297185653659545218e-03,2.870351071124899959e-03
1.140260606859480781e-03,6.894456497516124414e-04,8.413078759568004897e-04,1.187297936297326481e-03,8.407179717377630257e-03,2.869734502375363618e-03
1.043350789118108060e-03,6.942204400543364531e-04,8.301581968050278978e-04,1.140791273022069736e-03,8.439527200590626194e-03,2.948306063478953794e-03
9.227979604991485814e-04,6.520833238073684215e-04,8.159137141917187103e-04,1.008006014629967036e-03,7.991444433660609484e-03,2.914742900884483012e-03
9.525622704257537352e-04,6.237546636450744600e-04,7.514848141852885962e-04,1.015484923256383979e-03,7.738350319913910209e-03,2.675523653792824964e-03
8.551321635962074201e-04,6.365858512816977531e-04,7.670864215326934563e-04,9.139504242555476473e-04,7.975318291553512573e-03,2.791335038265599280e-03
1.043732637986956573e-03,6.615274728392224989e-04,7.144225351365448163e-04,1.061087241746567263e-03,8.046504782086462762e-03,2.617706876012872077e-03
1.029431699155057773e-03,6.506962757904758300e-04,7.195372998359384322e-04,1.060471142746812747e-03,7.990457442847364103e-03,2.605149243734318932e-03
8.918346147848751210e-04,5.752345708854496873e-04,6.987016816748867079e-04,9.635239437391039923e-04,7.243880532844530935e-03,2.591919459023388998e-03
8.486329407262299760e-04,5.349785629376142479e-04,6.734837903850722811e-04,8.713806526795278779e-04,6.861472820390600476e-03,2.463825550505474322e-03
8.419016408161608114e-04,5.119593908906777723e-04,6.784500329995871507e-04,8.615332339438715918e-04,6.636372962858533980e-03,2.500228150869508899e-03
9.761085758593395422e-04,6.101136666572060194e-04,6.772067853618063708e-04,9.891967483890836896e-04,7.610011645920703935e-03,2.482333256217271987e-03
8.066957086950147420e-04,5.362357116394872794e-04,6.981935879720829697e-04,8.340982745397111913e-04,7.178374863294745972e-03,2.525805300273584533e-03
7.807984672472994192e-04,5.205930089502054528e-04,7.081293923625019138e-04,8.199431474857185771e-04,6.757177153278898750e-03,2.665192489452327014e-03
7.355910395577363843e-04,5.352499111253736187e-04,7.158446843310081872e-04,7.664209480420518424e-04,6.881267624236924244e-03,2.822680458489559407e-03
8.824937981648451257e-04,5.372971548810471717e-04,6.840419957782926464e-04,9.061811791290061598e-04,6.763570359141646976e-03,2.704447621399612336e-03
8.549615744487283880e-04,5.440353388660705168e-04,7.477411816064698886e-04,8.616533294434955805e-04,6.924881456842045015e-03,2.914348015873155853e-03
8.100204407420807983e-04,5.365742355658954061e-04,7.114799938611877884e-04,8.343741352672471960e-04,6.914343987698568644e-03,2.745625779070897873e-03
8.442571095920072943e-04,5.300384365297054323e-04,7.429160024753387681e-04,8.661953803940385848e-04,6.885631763124394969e-03,2.778852242803299226e-03
7.901853428298327708e-04,5.350381086297568240e-04,7.026040037094344630e-04,8.086916066719889579e-04,6.899460949417848647e-03,2.706960916231490859e-03
8.044825183828010129e-04,5.359550893876651985e-04,6.690326332511485272e-04,8.216185674134679701e-04,6.769235060663791881e-03,2.573767681139589852e-03
7.766668031813030084e-04,5.083930846322487962e-04,6.596510697411371582e-04,7.931174574625914379e-04,6.605118438482176016e-03,2.525701587361416870e-03
8.240107118296190322e-04,5.103389328786282330e-04,6.053745976567378962e-04,8.536158211571103589e-04,6.600293215757324465e-03,2.374248440990338674e-03
8.132357982091712205e-04,5.003072564972658835e-04,5.750679401796757184e-04,8.420937230453462820e-04,6.536427047420171124e-03,2.266454321520708273e-03
7.394413457894380686e-04,4.986879466635212726e-04,6.038467417597943258e-04,7.754151118218048557e-04,6.552161928445134932e-03,2.362923647703784984e-03
7.504878445898720924e-04,5.331011010544827247e-04,5.908376744198439541e-04,7.900134955844533577e-04,6.801041068728225225e-03,2.321158380100167302e-03
7.225591067900687635e-04,4.981937688164867839e-04,6.127248330788957276e-04,7.594698479406930590e-04,6.621625331029288956e-03,2.361765308720509271e-03
7.231178206445125316e-04,4.839555235189019460e-04,6.047544883938377322e-04,7.446046826171702016e-04,6.417089608539035088e-03,2.283500358577527853e-03
7.105308375350867641e-04,4.873782358481862039e-04,6.101634538989312911e-04,7.239300557608438751e-04,6.374119013520427104e-03,2.272375720569414122e-03
7.396023205237659600e-04,4.653654808744306349e-04,5.824564781498182096e-04,7.365789915264015593e-04,6.011503223616555466e-03,2.218843955806220486e-03
7.095643839615195731e-04,4.618329878523438903e-04,5.656504621048979737e-04,7.173478722931849643e-04,5.969238072933443114e-03,2.153036343019543858e-03
6.583923856141404938e-04,4.920633992562434582e-04,5.961946888742668520e-04,6.801384666326418683e-04,6.185537598610537507e-03,2.263569020410823637e-03
6.661903313772647023e-04,4.925331812251874941e-04,5.878674932463417210e-04,6.864339726166121059e-04,6.123293062407391893e-03,2.185689961990446278e-03
6.623179607193959047e-04,5.456643889506087664e-04,6.308361326501193663e-04,6.995456643934698038e-04,6.680641367395477939e-03,2.285100390086921077e-03
6.820756548163119364e-04,5.562944536976186828e-04,6.167041160434867057e-04,7.254857125418665443e-04,6.838097678457743557e-03,2.281748880306092020e-03
7.278434934413223522e-04,5.496409231076897911e-04,5.842145882664768726e-04,7.546919232410977639e-04,6.743652838416217682e-03,2.173102816993574028e-03
6.969471563799441030e-04,5.630072257900147490e-04,5.811982092067248615e-04,7.195212274686889429e-04,6.813916494622493727e-03,2.142087927742555506e-03
6.937465967906143987e-04,5.890488625796241580e-04,5.960796360607493278e-04,7.191707713147200889e-04,7.158803469770034546e-03,2.232045358215938458e-03
6.629310508466067231e-04,5.687394838417643601e-04,5.853887035634235039e-04,6.852907143233110798e-04,6.899916669531846493e-03,2.144098312458230828e-03
6.846176358986803866e-04,5.955859861035098669e-04,5.582214466144762169e-04,7.049826335830759174e-04,7.039064678610621080e-03,2.069907326521994509e-03
6.521349621431732531e-04,5.809055544450436375e-04,5.736727411101507929e-04,6.713064192265291285e-04,6.933348939477412300e-03,2.144578747977154455e-03
6.808561155909787117e-04,6.075372965356860963e-04,5.832318212451204379e-04,7.055863545150634812e-04,7.200560099691830258e-03,2.163302998913778277e-03
6.776088858459338327e-04,5.816710596135158057e-04,5.994247621883892112e-04,6.992934298624027545e-04,6.957573053861689297e-03,2.198438237940738768e-03
6.931986559848944554e-04,6.055447998317400795e-04,6.146442270913544210e-04,7.015337850093198704e-04,7.194307915409111839e-03,2.189044810276916542e-03
7.451350891325784478e-04,5.983667269507657750e-04,6.377265552426704441e-04,7.545943276025689119e-04,7.118072725354188633e-03,2.243252574539753279e-03
7.416471794567065573e-04,6.085600950112399384e-04,6.650605909444745395e-04,7.616890502240622864e-04,7.381139659581491090e-03,2.345443134230798359e-03
6.949828208026167598e-04,5.960772420493216451e-04,6.305765288400784875e-04,7.113492674627011928e-04,7.177820704246027500e-03,2.212204255888883600e-03
6.737323882494270942e-04,5.736015320664857855e-04,6.199905155166978571e-04,6.872272253144105737e-04,7.001982106656126116e-03,2.177776712434873873e-03
6.996634373251873476e-04,6.086700987070308962e-04,6.492122201187203743e-04,7.029712081793906527e-04,7.401296628696919962e-03,2.305046960542951866e-03
7.245175208882819861e-04,6.194165531217233570e-04,6.514599138957060309e-04,7.418902045589955427e-04,7.621659956354871410e-03,2.382195959079996123e-03
7.379636010290866431e-04,5.940690140358262329e-04,6.544683196304371987e-04,7.723730356352402279e-04,7.432683846322534447e-03,2.384176732544543691e-03
7.693136871944631023e-04,6.346298641839524237e-04,6.539503495852310279e-04,8.059003684178244788e-04,7.982164222959850161e-03,2.417148041365485729e-03
7.786827926137288242e-04,6.336730560573274702e-04,6.219201073066387081e-04,8.067204342158367089e-04,7.850351392051957075e-03,2.277533676390793189e-03
7.400126643573342981e-04,6.122696209521636323e-04,6.398559174084437464e-04,7.696895285628266954e-04,7.537769641184938196e-03,2.328362654349164316e-03
8.261365516441676214e-04,6.534757625984673798e-04,7.148609475722828965e-04,8.273449072224953009e-04,7.984076819753474843e-03,2.562058681032939114e-03
8.222547996078650740e-04,6.446168486302052613e-04,7.116060058314332536e-04,8.330497118020894782e-04,7.784414399289907478e-03,2.517998313959358969e-03
