4.457502258415648733e-01,1.019329017620494993e+00
4.174471587566636055e-01,9.432528170942207080e-01
4.475407420694396676e-01,9.615814017287189763e-01
4.055987254009496557e-01,8.814173611034616940e-01
1.250809926765176772e-01,2.755472458315691986e-01
1.236755800909081493e-01,2.765229473987903530e-01
1.171435260937773309e-01,2.390650974836903142e-01
2.118575799334699306e-01,4.930403741577347176e-01
7.873394541046098427e-02,1.989646306920483387e-01
1.209193542328440146e-01,2.619595232002334684e-01
1.181748432899780987e-01,2.554828012387468927e-01
3.946394585293866442e-02,1.009413869202327174e-01
2.793027672212194945e-02,7.243485207444852469e-02
3.116164561407385250e-02,7.665064695159036490e-02
1.362286803479091472e-02,3.388196610256429681e-02
1.522011886753165538e-02,3.653491993254107811e-02
1.930801834833511740e-02,4.319757459888504819e-02
1.193266900628870732e-02,3.293925156853515224e-02
1.577886071566642068e-02,3.585864324637717815e-02
1.143531284134727266e-02,2.846935985238401717e-02
1.208729127679432011e-02,2.999841526825058197e-02
1.120459887341947874e-02,2.857951081218890882e-02
1.070963352101306915e-02,2.486399447777161778e-02
8.296914462066219340e-03,2.143450406974879360e-02
9.338606018536758230e-03,2.305862660431182501e-02
7.553377042490015854e-03,2.047572030647286725e-02
6.494098814436537540e-03,1.774139517482047068e-02
7.917846504144062519e-03,1.965864061859035061e-02
6.380727155506308451e-03,1.710669212607450473e-02
6.781692557281563533e-03,1.748389055526548830e-02
6.939499818724260277e-03,1.778872334065060082e-02
5.301546861534584855e-03,1.485713015708658817e-02
5.293580314645158005e-03,1.433970143957363601e-02
4.584748317573194773e-03,1.262795550615476541e-02
5.311934252164903468e-03,1.378010951205760684e-02
4.957382718300254107e-03,1.193537223631128096e-02
5.316831550073624832e-03,1.275956239309558593e-02
4.275251942939639442e-03,1.060387953566871953e-02
3.815566331631141655e-03,1.002452849423665117e-02
3.998639240999492944e-03,9.994503192116222304e-03
3.106939854075775782e-03,7.630796489163056001e-03
2.670537779454799920e-03,6.928006285619150301e-03
2.573611856894439040e-03,6.742032228265044252e-03
3.145740940971485794e-03,7.751228170156912629e-03
3.318577830168955353e-03,7.961092560057288214e-03
2.443311588125470727e-03,5.999807965291320197e-03
3.150202486044742598e-03,7.356183964553714323e-03
3.130997217161335302e-03,7.734051658258251326e-03
3.709768279466036690e-03,8.356320750179438081e-03
2.714617527866227623e-03,6.522559666759249197e-03
2.206778844557755279e-03,5.462422448603801439e-03
2.806962193799400658e-03,6.415309069314151756e-03
2.714416684383760912e-03,6.408165378669587395e-03
2.650410670960819635e-03,6.059667398647316031e-03
2.520829004718968310e-03,5.871849250335375858e-03
3.229289678708891376e-03,7.128987930806320733e-03
2.299262287498250300e-03,5.743875203918835659e-03
2.331346386796453139e-03,5.716121021965447045e-03
2.417761017331303101e-03,5.670456494458690939e-03
2.126727247527655622e-03,5.129682687049602098e-03
2.121660503583204255e-03,5.070979892597569406e-03
2.280885275525031033e-03,5.478677165937804669e-03
2.066366718923200955e-03,4.963117786293745788e-03
1.928633485696740766e-03,4.600981822569333475e-03
2.030741604491216167e-03,4.665953638296919254e-03
2.087002929233655428e-03,4.651225757522246471e-03
2.063669351436344182e-03,4.643035296057964820e-03
1.967592782849963019e-03,4.271869811163835941e-03
1.895157934946109209e-03,4.075968913962717266e-03
1.777988241431126271e-03,3.962028105244693420e-03
1.802476933766561807e-03,4.290306848069874550e-03
1.673286149819402718e-03,3.753392804349467600e-03
1.862571339051818887e-03,4.194167629603549365e-03
1.989114570972363733e-03,4.413755281726054920e-03
1.781744381749859624e-03,4.045903271742227678e-03
1.650709437905552301e-03,3.779185715055602846e-03
1.763152388332458890e-03,4.085954220836963448e-03
1.670935310880637117e-03,3.791012725754149774e-03
1.737950767819052738e-03,3.848424786092630688e-03
1.678274778098682706e-03,3.759798063241116296e-03
1.888638688346767599e-03,4.177613312863357777e-03
1.767753450732425721e-03,3.930712534657419301e-03
1.769432669208456264e-03,3.946392737664432097e-03
1.784823662039962183e-03,3.911471244282429052e-03
1.917265448964329934e-03,4.244938519633569864e-03
1.774604336735544768e-03,3.960909154040278234e-03
1.763545791002496836e-03,3.924802980224192418e-03
1.703263041907474669e-03,3.754222383612327001e-03
1.872166579222122066e-03,4.010431518811711539e-03
1.961065298680556967e-03,4.284348397038131862e-03
1.951644016193884550e-03,4.329864231763415859e-03
2.024326869218944988e-03,4.545978481899344212e-03
2.048301793164110547e-03,4.623091629283909883e-03
1.796188844495814202e-03,4.126507240300873562e-03
1.936832355819080890e-03,4.421622637633629109e-03
1.915931223595843070e-03,4.350581203608649972e-03
2.214545689169426877e-03,4.825021396610985024e-03
1.959378512131221012e-03,4.291700957617294344e-03
1.864781686112371595e-03,4.118763049427935814e-03
1.871827900274208650e-03,4.068358664769551256e-03
1.756072785337896291e-03,3.873539652271787426e-03
1.631306194514667079e-03,3.653653252294018772e-03
1.542097536061164727e-03,3.620145697778243566e-03
1.914029115937866980e-03,4.130986514227680088e-03
1.432014124970776249e-03,3.425482235809452786e-03
1.493245753128469126e-03,3.522930386127313355e-03
1.403350403425802353e-03,3.318666709956718044e-03
1.570967788692412314e-03,3.525012787201011518e-03
1.480087894451889664e-03,3.338518324106845916e-03
1.339329799639950389e-03,3.183959486403399857e-03
1.310915748162891185e-03,3.151823131219698947e-03
1.227877544929885986e-03,3.085606339359082354e-03
1.270154179002555084e-03,3.122602339955405336e-03
1.219630773931498291e-03,3.097759786943756095e-03
1.323889861380417267e-03,3.257501537664085449e-03
1.428153781888566193e-03,3.358410577371875611e-03
1.327101233150710996e-03,3.163860863371869333e-03
1.268523639690925147e-03,3.061497313864845402e-03
1.250512119797034119e-03,3.108436796434230209e-03
1.224241179848924209e-03,3.066087759770525466e-03
1.195697366432054744e-03,2.988436387692224375e-03
1.204644697148265489e-03,3.080607362217139059e-03
1.183748790861873477e-03,3.161320276451062578e-03
1.132013881223721671e-03,3.020926231750838305e-03
1.262759511190479286e-03,3.191382633960249300e-03
1.214840178619612391e-03,3.105511289551273185e-03
1.207822459233589630e-03,3.164485631970250738e-03
1.179978204183893681e-03,3.131850309104057279e-03
1.157959898591565595e-03,3.116443507700557801e-03
